,날짜,스크린수,스크린점유율,상영횟수,상영점유율,좌석수,좌석점유율,좌석판매율,매출액,매출액증감(전일대비),관객수,관객수증감(전일대비),누적매출액,누적관객수,순위
0,2019-05-16,2,0.0,2,0.0,531,0.0,0.377,1400000,1400000 ( 100.0% ),200,200 ( 100.0% ),1400000,200,36
1,2019-05-17,1,0.0,1,0.0,174,0.0,0.575,700000,-700000 ( -50.0% ),100,-100 ( -50.0% ),2100000,300,45
2,2019-05-20,1,0.0,1,0.0,624,0.0,1.0,9360000,9360000 ( 100.0% ),624,624 ( 100.0% ),11460000,924,14
3,2019-05-22,5,0.001,5,0.0,1647,0.001,0.846,12687300,12687300 ( 100.0% ),1394,1394 ( 100.0% ),24147300,2318,10
4,2019-05-23,1008,0.174,4265,0.235,770298,0.272,0.094,616644460,603957160 ( 4760.3% ),72736,71342 ( 5117.8% ),640791760,75054,2
5,2019-05-24,1061,0.175,4420,0.237,799264,0.276,0.138,1016129643,399485183 ( 64.8% ),109949,37213 ( 51.2% ),1656921403,185003,2
6,2019-05-25,1261,0.193,5311,0.271,937947,0.31,0.352,2965798107,1949668464 ( 191.9% ),330019,220070 ( 200.2% ),4622719510,515022,1
7,2019-05-26,1311,0.199,5390,0.28,946258,0.318,0.379,3181109250,215311143 ( 7.3% ),358995,28976 ( 8.8% ),7803828760,874017,1
8,2019-05-27,1090,0.191,4663,0.263,844480,0.304,0.13,931032930,-2250076320 ( -70.7% ),109658,-249337 ( -69.5% ),8734861690,983675,1
9,2019-05-28,1121,0.19,4677,0.265,838216,0.304,0.129,913023310,-18009620 ( -1.9% ),108339,-1319 ( -1.2% ),9647885000,1092014,1
10,2019-05-29,1146,0.198,4460,0.248,750607,0.269,0.328,1458929880,545906570 ( 59.8% ),245992,137653 ( 127.1% ),11106814880,1338006,1
11,2019-05-30,754,0.133,2493,0.14,340979,0.123,0.22,614078440,-844851440 ( -57.9% ),74962,-171030 ( -69.5% ),11720893320,1412968,2
12,2019-05-31,791,0.141,2724,0.149,366962,0.131,0.336,1084122725,470044285 ( 76.5% ),123266,48304 ( 64.4% ),12805016045,1536234,2
13,2019-06-01,965,0.166,3451,0.182,463615,0.16,0.66,2610680127,1526557402 ( 140.8% ),306026,182760 ( 148.3% ),15415696172,1842260,2
14,2019-06-02,994,0.171,3499,0.189,471681,0.166,0.652,2601771060,-8909067 ( -0.3% ),307739,1713 ( 0.6% ),18017467232,2149999,2
15,2019-06-03,796,0.152,3038,0.174,425515,0.157,0.192,671525860,-1930245200 ( -74.2% ),81613,-226126 ( -73.5% ),18688993092,2231612,2
16,2019-06-04,818,0.152,3063,0.176,426623,0.158,0.199,693901620,22375760 ( 3.3% ),84798,3185 ( 3.9% ),19382894712,2316410,2
17,2019-06-05,937,0.164,2770,0.153,373155,0.132,0.303,903254870,209353250 ( 30.2% ),113165,28367 ( 33.5% ),20286149582,2429575,3
18,2019-06-06,1120,0.19,3738,0.192,493898,0.164,0.756,3146433260,2243178390 ( 248.3% ),373559,260394 ( 230.1% ),23432582842,2803134,2
19,2019-06-07,1151,0.194,4132,0.214,558074,0.187,0.511,2428722874,-717710386 ( -22.8% ),284945,-88614 ( -23.7% ),25861305716,3088079,2
20,2019-06-08,1356,0.227,5241,0.267,746940,0.245,0.556,3618669583,1189946709 ( 49.0% ),415310,130365 ( 45.8% ),29479975299,3503389,2
21,2019-06-09,1371,0.232,5263,0.276,760334,0.257,0.521,3456183040,-162486543 ( -4.5% ),396151,-19159 ( -4.6% ),32936158339,3899540,2
22,2019-06-10,1068,0.209,4366,0.251,667237,0.247,0.164,926042240,-2530140800 ( -73.2% ),109402,-286749 ( -72.4% ),33862200579,4008942,2
23,2019-06-11,1092,0.212,4422,0.255,672007,0.249,0.155,876638740,-49403500 ( -5.3% ),104428,-4974 ( -4.5% ),34738839319,4113370,2
24,2019-06-12,973,0.195,3849,0.215,572800,0.205,0.179,841904820,-34733920 ( -4.0% ),102436,-1992 ( -1.9% ),35580744139,4215806,3
25,2019-06-13,947,0.175,3701,0.208,561141,0.202,0.185,858827730,16922910 ( 2.0% ),103618,1182 ( 1.2% ),36439571869,4319424,2
26,2019-06-14,1075,0.192,4286,0.234,653230,0.229,0.253,1499530210,640702480 ( 74.6% ),165074,61456 ( 59.3% ),37939102079,4484498,2
27,2019-06-15,1384,0.228,5635,0.296,903647,0.308,0.474,3807068740,2307538530 ( 153.9% ),427943,262869 ( 159.2% ),41746170819,4912441,1
28,2019-06-16,1409,0.234,5737,0.306,926631,0.32,0.446,3671179210,-135889530 ( -3.6% ),413326,-14617 ( -3.4% ),45417350029,5325767,1
29,2019-06-17,1168,0.222,4908,0.282,810066,0.299,0.162,1106625600,-2564553610 ( -69.9% ),131239,-282087 ( -68.2% ),46523975629,5457006,1
30,2019-06-18,1198,0.22,4968,0.287,818721,0.304,0.162,1110765950,4140350 ( 0.4% ),132540,1301 ( 1.0% ),47634741579,5589546,1
31,2019-06-19,1028,0.202,4438,0.249,749000,0.271,0.183,1154005190,43239240 ( 3.9% ),136697,4157 ( 3.1% ),48788746769,5726243,1
32,2019-06-20,875,0.154,3204,0.17,515106,0.174,0.237,1012960770,-141044420 ( -12.2% ),122023,-14674 ( -10.7% ),49801707539,5848266,2
33,2019-06-21,977,0.169,3626,0.189,576526,0.192,0.3,1584330080,571369310 ( 56.4% ),172890,50867 ( 41.7% ),51386037619,6021156,1
34,2019-06-22,1174,0.183,4515,0.225,717196,0.229,0.56,3562347560,1978017480 ( 124.8% ),401926,229036 ( 132.5% ),54948385179,6423082,2
35,2019-06-23,1226,0.189,4577,0.233,725312,0.236,0.519,3304901600,-257445960 ( -7.2% ),376622,-25304 ( -6.3% ),58253286779,6799704,2
36,2019-06-24,1036,0.19,4203,0.228,692287,0.24,0.185,1067394260,-2237507340 ( -67.7% ),127993,-248629 ( -66.0% ),59320681039,6927697,1
37,2019-06-25,1043,0.186,4251,0.231,699462,0.243,0.172,998337580,-69056680 ( -6.5% ),120315,-7678 ( -6.0% ),60319018619,7048012,1
38,2019-06-26,939,0.146,3385,0.182,612040,0.212,0.328,1256012600,257675020 ( 25.8% ),200782,80467 ( 66.9% ),61575031219,7248794,1
39,2019-06-27,890,0.147,3477,0.187,636476,0.22,0.179,942441960,-313570640 ( -25.0% ),113611,-87171 ( -43.4% ),62517473179,7362405,1
40,2019-06-28,970,0.158,3827,0.202,692038,0.236,0.219,1394146730,451704770 ( 47.9% ),151505,37894 ( 33.4% ),63911619909,7513910,1
41,2019-06-29,1172,0.174,4702,0.237,841725,0.275,0.473,3538266480,2144119750 ( 153.8% ),398128,246623 ( 162.8% ),67449886389,7912038,1
42,2019-06-30,1199,0.178,4677,0.24,836842,0.279,0.43,3156555950,-381710530 ( -10.8% ),359759,-38369 ( -9.6% ),70606442339,8271797,1
43,2019-07-01,1030,0.155,3961,0.212,707440,0.243,0.158,926508510,-2230047440 ( -70.6% ),111674,-248085 ( -69.0% ),71532950849,8383471,1
44,2019-07-02,651,0.111,2263,0.121,307973,0.107,0.235,589054240,-337454270 ( -36.4% ),72410,-39264 ( -35.2% ),72122005089,8455881,2
45,2019-07-03,691,0.125,2450,0.132,331155,0.116,0.241,644215680,55161440 ( 9.4% ),79742,7332 ( 10.1% ),72766220769,8535623,2
46,2019-07-04,694,0.122,2421,0.131,329128,0.115,0.253,671530540,27314860 ( 4.2% ),83127,3385 ( 4.2% ),73437751309,8618750,2
47,2019-07-05,715,0.124,2522,0.133,341169,0.117,0.364,1102744830,431214290 ( 64.2% ),124142,41015 ( 49.3% ),74540496139,8742892,2
48,2019-07-06,806,0.137,2855,0.144,373424,0.123,0.662,2126663380,1023918550 ( 92.9% ),247200,123058 ( 99.1% ),76667159519,8990092,2
49,2019-07-07,841,0.142,2863,0.148,375312,0.126,0.62,1988303700,-138359680 ( -6.5% ),232574,-14626 ( -5.9% ),78655463219,9222666,2
50,2019-07-08,728,0.132,2686,0.148,366663,0.13,0.213,638264220,-1350039480 ( -67.9% ),77948,-154626 ( -66.5% ),79293727439,9300614,2
51,2019-07-09,770,0.136,2741,0.151,373074,0.133,0.229,691627230,53363010 ( 8.4% ),85548,7600 ( 9.8% ),79985354669,9386162,2
52,2019-07-10,706,0.133,2659,0.144,370814,0.13,0.211,638052280,-53574950 ( -7.7% ),78149,-7399 ( -8.6% ),80623406949,9464311,2
53,2019-07-11,713,0.121,2541,0.137,358853,0.125,0.205,602756510,-35295770 ( -5.5% ),73409,-4740 ( -6.1% ),81226163459,9537720,2
54,2019-07-12,797,0.13,2827,0.149,402056,0.138,0.251,914877680,312121170 ( 51.8% ),101039,27630 ( 37.6% ),82141041139,9638759,2
55,2019-07-13,940,0.145,3386,0.168,482332,0.157,0.546,2309701480,1394823800 ( 152.5% ),263381,162342 ( 160.7% ),84450742619,9902140,2
56,2019-07-14,976,0.151,3425,0.174,486396,0.162,0.533,2253897860,-55803620 ( -2.4% ),259174,-4207 ( -1.6% ),86704640479,10161314,2
57,2019-07-15,822,0.144,3029,0.169,434884,0.157,0.185,664191310,-1589706550 ( -70.5% ),80404,-178770 ( -69.0% ),87368831789,10241718,2
58,2019-07-16,858,0.145,3100,0.172,449374,0.162,0.187,686843870,22652560 ( 3.4% ),84162,3758 ( 4.7% ),88055675659,10325880,2
59,2019-07-17,647,0.113,2022,0.105,264245,0.089,0.213,457442320,-229401550 ( -33.4% ),56320,-27842 ( -33.1% ),88513117979,10382200,3
60,2019-07-18,694,0.117,2123,0.111,279420,0.094,0.225,511764020,54321700 ( 11.9% ),62990,6670 ( 11.8% ),89024881999,10445190,3
61,2019-07-19,771,0.13,2433,0.124,317919,0.104,0.302,853545060,341781040 ( 66.8% ),95855,32865 ( 52.2% ),89878427059,10541045,3
62,2019-07-20,901,0.139,2863,0.14,386176,0.122,0.531,1809362310,955817250 ( 112.0% ),205119,109264 ( 114.0% ),91687789369,10746164,2
63,2019-07-21,958,0.148,2932,0.147,397692,0.129,0.496,1719835790,-89526520 ( -4.9% ),197336,-7783 ( -3.8% ),93407625159,10943500,2
64,2019-07-22,876,0.153,3142,0.169,439342,0.152,0.171,605887810,-1113947980 ( -64.8% ),75168,-122168 ( -61.9% ),94013512969,11018668,2
65,2019-07-23,890,0.151,3153,0.168,441669,0.152,0.168,596043770,-9844040 ( -1.6% ),74317,-851 ( -1.1% ),94609556739,11092985,2
66,2019-07-24,700,0.123,2268,0.115,313088,0.102,0.206,519767420,-76276350 ( -12.8% ),64372,-9945 ( -13.4% ),95129324159,11157357,3
67,2019-07-25,770,0.122,2342,0.118,328002,0.107,0.21,555553490,35786070 ( 6.9% ),69033,4661 ( 7.2% ),95684877649,11226390,3
68,2019-07-26,871,0.135,2744,0.137,388737,0.124,0.225,782390760,226837270 ( 40.8% ),87409,18376 ( 26.6% ),96467268409,11313799,3
69,2019-07-27,1015,0.148,3302,0.159,477824,0.148,0.375,1605272070,822881310 ( 105.2% ),179395,91986 ( 105.2% ),98072540479,11493194,3
70,2019-07-28,1015,0.148,3305,0.162,479739,0.152,0.352,1500090800,-105181270 ( -6.6% ),168803,-10592 ( -5.9% ),99572631279,11661997,2
71,2019-07-29,917,0.145,3209,0.164,471148,0.155,0.205,769099170,-730991630 ( -48.7% ),96583,-72220 ( -42.8% ),100341730449,11758580,2
72,2019-07-30,936,0.144,3231,0.165,480443,0.158,0.201,765400290,-3698880 ( -0.5% ),96688,105 ( 0.1% ),101107130739,11855268,2
73,2019-07-31,565,0.086,1246,0.059,154803,0.047,0.522,547699780,-217700510 ( -28.4% ),80791,-15897 ( -16.4% ),101654830519,11936059,5
74,2019-08-01,608,0.094,1327,0.062,166672,0.05,0.39,514394820,-33304960 ( -6.1% ),64925,-15866 ( -19.6% ),102169225339,12000984,5
75,2019-08-02,653,0.097,1487,0.068,189505,0.056,0.358,602406870,88012050 ( 17.1% ),67775,2850 ( 4.4% ),102771632209,12068759,5
76,2019-08-03,691,0.101,1603,0.072,203142,0.058,0.427,778554510,176147640 ( 29.2% ),86720,18945 ( 28.0% ),103550186719,12155479,5
77,2019-08-04,702,0.102,1603,0.073,203107,0.059,0.372,677170930,-101383580 ( -13.0% ),75575,-11145 ( -12.9% ),104227357649,12231054,5
78,2019-08-05,666,0.105,1630,0.077,212257,0.064,0.197,335081560,-342089370 ( -50.5% ),41821,-33754 ( -44.7% ),104562439209,12272875,4
79,2019-08-06,679,0.105,1608,0.077,209421,0.064,0.188,314044490,-21037070 ( -6.3% ),39339,-2482 ( -5.9% ),104876483699,12312214,5
80,2019-08-07,330,0.048,744,0.036,91735,0.028,0.244,178562690,-135481800 ( -43.1% ),22409,-16930 ( -43.0% ),105055046389,12334623,7
81,2019-08-08,330,0.047,700,0.034,88305,0.027,0.229,160218240,-18344450 ( -10.3% ),20257,-2152 ( -9.6% ),105215264629,12354880,7
82,2019-08-09,331,0.046,715,0.034,89583,0.027,0.238,194204520,33986280 ( 21.2% ),21338,1081 ( 5.3% ),105409469149,12376218,6
83,2019-08-10,341,0.047,706,0.033,87816,0.026,0.389,310934120,116729600 ( 60.1% ),34174,12836 ( 60.2% ),105720403269,12410392,7
84,2019-08-11,341,0.047,700,0.033,87111,0.027,0.343,270465820,-40468300 ( -13.0% ),29890,-4284 ( -12.5% ),105990869089,12440282,7
85,2019-08-12,340,0.051,726,0.036,91268,0.029,0.158,116123710,-154342110 ( -57.1% ),14445,-15445 ( -51.7% ),106106992799,12454727,5
86,2019-08-13,342,0.049,726,0.036,90873,0.029,0.182,132032820,15909110 ( 13.7% ),16543,2098 ( 14.5% ),106239025619,12471270,4
87,2019-08-14,140,0.022,196,0.01,23040,0.007,0.214,39114030,-92918790 ( -70.4% ),4929,-11614 ( -70.2% ),106278139649,12476199,10
88,2019-08-15,112,0.016,136,0.006,16169,0.005,0.55,76849310,37735280 ( 96.5% ),8889,3960 ( 80.3% ),106354988959,12485088,12
89,2019-08-16,109,0.016,138,0.007,16225,0.005,0.249,35621690,-41227620 ( -53.6% ),4041,-4848 ( -54.5% ),106390610649,12489129,10
90,2019-08-17,114,0.016,148,0.007,17885,0.006,0.357,57562670,21940980 ( 61.6% ),6381,2340 ( 57.9% ),106448173319,12495510,10
91,2019-08-18,113,0.016,154,0.008,18738,0.006,0.316,52996300,-4566370 ( -7.9% ),5918,-463 ( -7.3% ),106501169619,12501428,9
92,2019-08-19,115,0.018,162,0.009,20509,0.007,0.14,23798620,-29197680 ( -55.1% ),2880,-3038 ( -51.3% ),106524968239,12504308,9
93,2019-08-20,114,0.018,160,0.008,20251,0.007,0.147,23674180,-124440 ( -0.5% ),2979,99 ( 3.4% ),106548642419,12507287,9
94,2019-08-21,71,0.012,93,0.005,12057,0.004,0.152,14641440,-9032740 ( -38.2% ),1838,-1141 ( -38.3% ),106563283859,12509125,10
95,2019-08-22,58,0.01,72,0.004,9615,0.003,0.14,10493360,-4148080 ( -28.3% ),1342,-496 ( -27.0% ),106573777219,12510467,17
96,2019-08-23,60,0.01,82,0.004,11349,0.004,0.129,13245710,2752350 ( 26.2% ),1467,125 ( 9.3% ),106587022929,12511934,14
97,2019-08-24,68,0.01,91,0.004,11861,0.004,0.271,28832930,15587220 ( 117.7% ),3211,1744 ( 118.9% ),106615855859,12515145,14
98,2019-08-25,63,0.01,90,0.004,12042,0.004,0.243,25735050,-3097880 ( -10.7% ),2928,-283 ( -8.8% ),106641590909,12518073,13
99,2019-08-26,54,0.009,77,0.004,11304,0.004,0.09,8229990,-17505060 ( -68.0% ),1020,-1908 ( -65.2% ),106649820899,12519093,16
100,2019-08-27,59,0.01,82,0.004,11718,0.004,0.08,7449740,-780250 ( -9.5% ),934,-86 ( -8.4% ),106657270639,12520027,15
101,2019-08-28,48,0.007,132,0.007,17220,0.006,0.176,27646180,20196440 ( 271.1% ),3030,2096 ( 224.4% ),106684916819,12523057,11
102,2019-08-29,43,0.007,117,0.006,14799,0.005,0.156,21756860,-5889320 ( -21.3% ),2315,-715 ( -23.6% ),106706673679,12525372,12
103,2019-08-30,44,0.007,124,0.006,15614,0.005,0.198,29770140,8013280 ( 36.8% ),3096,781 ( 33.7% ),106736443819,12528468,11
104,2019-08-31,54,0.008,133,0.006,16444,0.005,0.37,57090820,27320680 ( 91.8% ),6092,2996 ( 96.8% ),106793534639,12534560,10
105,2019-09-01,50,0.007,116,0.006,14454,0.005,0.344,46395760,-10695060 ( -18.7% ),4973,-1119 ( -18.4% ),106839930399,12539533,12
106,2019-09-02,43,0.007,107,0.006,13309,0.005,0.12,14930980,-31464780 ( -67.8% ),1595,-3378 ( -67.9% ),106854861379,12541128,14
107,2019-09-03,42,0.006,102,0.006,12651,0.004,0.126,14865940,-65040 ( -0.4% ),1588,-7 ( -0.4% ),106869727319,12542716,14
108,2019-09-04,17,0.002,30,0.002,3740,0.001,0.136,4726500,-10139440 ( -68.2% ),508,-1080 ( -68.0% ),106874453819,12543224,29
109,2019-09-05,16,0.002,28,0.002,3257,0.001,0.161,5001500,275000 ( 5.8% ),525,17 ( 3.3% ),106879455319,12543749,26
110,2019-09-06,16,0.002,31,0.002,3696,0.001,0.239,8456700,3455200 ( 69.1% ),885,360 ( 68.6% ),106887912019,12544634,21
111,2019-09-07,22,0.003,40,0.002,5101,0.002,0.388,18864440,10407740 ( 123.1% ),1978,1093 ( 123.5% ),106906776459,12546612,16
112,2019-09-08,23,0.003,45,0.002,5692,0.002,0.452,24332940,5468500 ( 29.0% ),2574,596 ( 30.1% ),106931109399,12549186,17
113,2019-09-09,15,0.002,29,0.002,3770,0.001,0.139,4226500,-20106440 ( -82.6% ),524,-2050 ( -79.6% ),106935335899,12549710,23
114,2019-09-10,13,0.002,28,0.002,3624,0.001,0.132,4363000,136500 ( 3.2% ),478,-46 ( -8.8% ),106939698899,12550188,26
115,2019-09-11,1,0.0,1,0.0,104,0.0,0.01,5000,-4358000 ( -99.9% ),1,-477 ( -99.8% ),106939703899,12550189,98
116,2019-09-12,1,0.0,1,0.0,104,0.0,0.212,163480,158480 ( 3169.6% ),22,21 ( 2100.0% ),106939867379,12550211,67
117,2019-09-16,1,0.0,1,0.0,117,0.0,0.026,22500,22500 ( 100.0% ),3,3 ( 100.0% ),106939889879,12550214,79
118,2019-09-17,1,0.0,1,0.0,117,0.0,0.026,20000,-2500 ( -11.1% ),3,0 ( 0.0% ),106939909879,12550217,92
119,2019-09-18,1,0.0,1,0.0,117,0.0,0.034,28000,8000 ( 40.0% ),4,1 ( 33.3% ),106939937879,12550221,88
120,2019-09-20,1,0.0,1,0.0,104,0.0,0.038,32000,32000 ( 100.0% ),4,4 ( 100.0% ),106939969879,12550225,86
121,2019-09-21,3,0.0,3,0.0,234,0.0,0.615,1566000,1534000 ( 4793.8% ),144,140 ( 3500.0% ),106941535879,12550369,46
122,2019-09-22,2,0.0,2,0.0,129,0.0,0.349,460000,-1106000 ( -70.6% ),45,-99 ( -68.8% ),106941995879,12550414,56
123,2019-09-23,1,0.0,2,0.0,68,0.0,0.941,384000,-76000 ( -16.5% ),64,19 ( 42.2% ),106942379879,12550478,54
124,2019-09-25,1,0.0,1,0.0,104,0.0,0.01,5000,5000 ( 100.0% ),1,1 ( 100.0% ),106942384879,12550479,104
125,2019-09-26,1,0.0,1,0.0,34,0.0,0.941,192000,187000 ( 3740.0% ),32,31 ( 3100.0% ),106942576879,12550511,75
126,2019-09-27,3,0.0,4,0.0,271,0.0,0.579,861000,669000 ( 348.4% ),157,125 ( 390.6% ),106943437879,12550668,46
127,2019-09-28,4,0.001,4,0.0,353,0.0,0.734,2349000,1488000 ( 172.8% ),259,102 ( 65.0% ),106945786879,12550927,37
128,2019-09-29,1,0.0,1,0.0,104,0.0,0.038,22480,-2326520 ( -99.0% ),4,-255 ( -98.5% ),106945809359,12550931,103
129,2019-09-30,1,0.0,1,0.0,97,0.0,0.01,6000,-16480 ( -73.3% ),1,-3 ( -75.0% ),106945815359,12550932,96
130,2019-10-01,1,0.0,1,0.0,97,0.0,0.01,6000,0 ( 0.0% ),1,0 ( 0.0% ),106945821359,12550933,100
131,2019-10-07,1,0.0,1,0.0,75,0.0,0.44,198000,198000 ( 100.0% ),33,33 ( 100.0% ),106946019359,12550966,62
132,2019-10-08,1,0.0,1,0.0,75,0.0,0.413,186000,-12000 ( -6.1% ),31,-2 ( -6.1% ),106946205359,12550997,72
133,2019-10-12,1,0.0,1,0.0,30,0.0,1.0,240000,240000 ( 100.0% ),30,30 ( 100.0% ),106946445359,12551027,69
134,2019-10-17,1,0.0,1,0.0,106,0.0,0.943,700000,700000 ( 100.0% ),100,100 ( 100.0% ),106947145359,12551127,55
135,2019-10-19,3,0.0,3,0.0,277,0.0,0.881,1973000,1973000 ( 100.0% ),244,244 ( 100.0% ),106949118359,12551371,35
136,2019-10-24,1,0.0,1,0.0,47,0.0,0.745,175000,175000 ( 100.0% ),35,35 ( 100.0% ),106949293359,12551406,75
137,2019-10-25,1,0.0,1,0.0,30,0.0,1.0,210000,35000 ( 20.0% ),30,-5 ( -14.3% ),106949503359,12551436,83
138,2019-10-29,1,0.0,1,0.0,59,0.0,0.339,100000,100000 ( 100.0% ),20,20 ( 100.0% ),106949603359,12551456,87
139,2019-11-12,1,0.0,1,0.0,166,0.0,0.602,700000,700000 ( 100.0% ),100,100 ( 100.0% ),106950303359,12551556,48
140,2019-11-15,1,0.0,1,0.0,118,0.0,0.763,450000,450000 ( 100.0% ),90,90 ( 100.0% ),106950753359,12551646,63
141,2019-11-19,1,0.0,1,0.0,149,0.0,0.926,820000,820000 ( 100.0% ),138,138 ( 100.0% ),106951573359,12551784,64
142,2019-11-27,1,0.0,1,0.0,172,0.0,1.0,1204000,1204000 ( 100.0% ),172,172 ( 100.0% ),106952777359,12551956,41
143,2019-12-06,1,0.0,1,0.0,30,0.0,0.867,286000,286000 ( 100.0% ),26,26 ( 100.0% ),106953063359,12551982,82
144,2019-12-10,2,0.0,2,0.0,293,0.0,0.672,1182000,1182000 ( 100.0% ),197,197 ( 100.0% ),106954245359,12552179,46
145,2019-12-11,1,0.0,1,0.0,413,0.0,0.024,50000,-1132000 ( -95.8% ),10,-187 ( -94.9% ),106954295359,12552189,93
146,2019-12-14,1,0.0,1,0.0,413,0.0,0.058,143000,143000 ( 100.0% ),24,24 ( 100.0% ),106954438359,12552213,97
147,2019-12-21,1,0.0,1,0.0,70,0.0,1.0,700000,700000 ( 100.0% ),70,70 ( 100.0% ),106955138359,12552283,56
148,2020-01-10,3,0.0,9,0.0,1056,0.0,0.384,3248000,3248000 ( 100.0% ),406,406 ( 100.0% ),106958386359,12552689,23
149,2020-01-11,6,0.001,16,0.001,2104,0.001,0.599,10088000,6840000 ( 210.6% ),1261,855 ( 210.6% ),106968474359,12553950,17
150,2020-01-12,6,0.001,21,0.001,2760,0.001,0.654,14448000,4360000 ( 43.2% ),1806,545 ( 43.2% ),106982922359,12555756,15
151,2020-02-03,2,0.0,2,0.0,98,0.0,0.827,409000,409000 ( 100.0% ),81,81 ( 100.0% ),106983331359,12555837,43
152,2020-02-04,1,0.0,1,0.0,59,0.0,0.966,289000,-120000 ( -29.3% ),57,-24 ( -29.6% ),106983620359,12555894,48
153,2020-07-22,544,0.109,1488,0.102,237013,0.103,0.038,55451360,55451360 ( 100.0% ),9057,9057 ( 100.0% ),107039071719,12564951,2
154,2020-07-23,531,0.103,1394,0.097,226842,0.1,0.038,58350000,2898640 ( 5.2% ),8561,-496 ( -5.5% ),107097421719,12573512,2
155,2020-07-24,549,0.104,1519,0.1,240613,0.101,0.044,72338200,13988200 ( 24.0% ),10504,1943 ( 22.7% ),107169759919,12584016,2
156,2020-07-25,537,0.096,1685,0.1,254414,0.097,0.072,119160600,46822400 ( 64.7% ),18207,7703 ( 73.3% ),107288920519,12602223,2
157,2020-07-26,530,0.095,1590,0.097,240140,0.094,0.065,101400620,-17759980 ( -14.9% ),15532,-2675 ( -14.7% ),107390321139,12617755,2
158,2020-07-27,477,0.098,1337,0.099,214534,0.101,0.034,46464480,-54936140 ( -54.2% ),7240,-8292 ( -53.4% ),107436785619,12624995,2
159,2020-07-28,487,0.097,1392,0.102,220571,0.103,0.036,50940240,4475760 ( 9.6% ),7945,705 ( 9.7% ),107487725859,12632940,2
160,2020-07-29,273,0.054,472,0.03,59581,0.025,0.131,55960840,5020600 ( 9.9% ),7794,-151 ( -1.9% ),107543686699,12640734,3
161,2020-07-30,272,0.054,487,0.031,62779,0.026,0.11,50415100,-5545740 ( -9.9% ),6898,-896 ( -11.5% ),107594101799,12647632,3
162,2020-07-31,281,0.054,515,0.032,64078,0.026,0.132,61849040,11433940 ( 22.7% ),8477,1579 ( 22.9% ),107655950839,12656109,3
163,2020-08-01,248,0.047,498,0.029,61157,0.023,0.177,78601240,16752200 ( 27.1% ),10833,2356 ( 27.8% ),107734552079,12666942,3
164,2020-08-02,247,0.047,476,0.029,58252,0.023,0.163,69111800,-9489440 ( -12.1% ),9502,-1331 ( -12.3% ),107803663879,12676444,4
165,2020-08-03,278,0.057,528,0.035,66447,0.028,0.094,44401900,-24709900 ( -35.8% ),6222,-3280 ( -34.5% ),107848065779,12682666,4
166,2020-08-04,284,0.057,546,0.036,68217,0.029,0.099,47529640,3127740 ( 7.0% ),6730,508 ( 8.2% ),107895595419,12689396,4
167,2020-08-05,77,0.015,181,0.01,23347,0.009,0.151,27125700,-20403940 ( -42.9% ),3521,-3209 ( -47.7% ),107922721119,12692917,6
168,2020-08-06,75,0.015,179,0.01,22996,0.008,0.146,25913900,-1211800 ( -4.5% ),3354,-167 ( -4.7% ),107948635019,12696271,5
169,2020-08-07,73,0.014,199,0.011,25541,0.009,0.149,29734360,3820460 ( 14.7% ),3811,457 ( 13.6% ),107978369379,12700082,5
170,2020-08-08,67,0.013,204,0.011,25816,0.009,0.215,43058400,13324040 ( 44.8% ),5560,1749 ( 45.9% ),108021427779,12705642,5
171,2020-08-09,69,0.013,200,0.011,25330,0.009,0.19,36950380,-6108020 ( -14.2% ),4809,-751 ( -13.5% ),108058378159,12710451,5
172,2020-08-10,75,0.016,211,0.013,26379,0.01,0.099,19874500,-17075880 ( -46.2% ),2605,-2204 ( -45.8% ),108078252659,12713056,5
173,2020-08-11,71,0.015,200,0.012,24945,0.01,0.116,22419000,2544500 ( 12.8% ),2906,301 ( 11.6% ),108100671659,12715962,5
174,2020-08-12,24,0.005,53,0.003,6721,0.002,0.128,6504600,-15914400 ( -71.0% ),860,-2046 ( -70.4% ),108107176259,12716822,8
175,2020-08-13,26,0.005,59,0.003,7645,0.003,0.13,7571600,1067000 ( 16.4% ),997,137 ( 15.9% ),108114747859,12717819,12
176,2020-08-14,28,0.005,57,0.003,7265,0.002,0.164,9146000,1574400 ( 20.8% ),1191,194 ( 19.5% ),108123893859,12719010,13
177,2020-08-15,30,0.005,58,0.003,7269,0.002,0.217,12219200,3073200 ( 33.6% ),1579,388 ( 32.6% ),108136113059,12720589,9
178,2020-08-16,31,0.005,57,0.003,7223,0.002,0.195,10889980,-1329220 ( -10.9% ),1412,-167 ( -10.6% ),108147003039,12722001,10
179,2020-08-17,29,0.005,58,0.003,7578,0.003,0.157,9122000,-1767980 ( -16.2% ),1192,-220 ( -15.6% ),108156125039,12723193,11
180,2020-08-18,28,0.006,55,0.003,7014,0.003,0.08,4301000,-4821000 ( -52.9% ),564,-628 ( -52.7% ),108160426039,12723757,10
181,2020-08-19,1,0.0,1,0.0,88,0.0,0.011,7000,-4294000 ( -99.8% ),1,-563 ( -99.8% ),108160433039,12723758,113
182,2020-08-20,1,0.0,1,0.0,88,0.0,0.034,21000,14000 ( 200.0% ),3,2 ( 200.0% ),108160454039,12723761,87
183,2020-08-21,1,0.0,1,0.0,88,0.0,0.125,65500,44500 ( 211.9% ),11,8 ( 266.7% ),108160519539,12723772,55
184,2020-08-22,1,0.0,1,0.0,88,0.0,0.034,20000,-45500 ( -69.5% ),3,-8 ( -72.7% ),108160539539,12723775,97
185,2020-08-23,1,0.0,1,0.0,88,0.0,0.023,9500,-10500 ( -52.5% ),2,-1 ( -33.3% ),108160549039,12723777,102
186,2022-09-07,39,0.007,238,0.014,28820,0.012,0.226,74181000,74181000 ( 100.0% ),6512,6512 ( 100.0% ),108234730039,12730289,4
187,2022-09-08,39,0.006,249,0.014,30112,0.012,0.201,70454500,-3726500 ( -5.0% ),6059,-453 ( -7.0% ),108305184539,12736348,5
188,2022-09-09,39,0.006,257,0.013,31012,0.011,0.3,111713500,41259000 ( 58.6% ),9312,3253 ( 53.7% ),108416898039,12745660,8
189,2022-09-10,39,0.006,260,0.013,31368,0.011,0.262,99906000,-11807500 ( -10.6% ),8224,-1088 ( -11.7% ),108516804039,12753884,8
190,2022-09-11,39,0.006,260,0.013,31404,0.011,0.342,128875000,28969000 ( 29.0% ),10750,2526 ( 30.7% ),108645679039,12764634,8
191,2022-09-12,39,0.006,246,0.013,29852,0.011,0.358,126454000,-2421000 ( -1.9% ),10690,-60 ( -0.6% ),108772133039,12775324,7
192,2022-09-13,39,0.007,229,0.014,27804,0.012,0.111,35224500,-91229500 ( -72.1% ),3098,-7592 ( -71.0% ),108807357539,12778422,7
193,2022-09-14,39,0.007,120,0.008,14672,0.006,0.124,20737000,-14487500 ( -41.1% ),1818,-1280 ( -41.3% ),108828094539,12780240,7
194,2022-09-15,39,0.007,120,0.008,14524,0.006,0.108,18344000,-2393000 ( -11.5% ),1568,-250 ( -13.8% ),108846438539,12781808,10
195,2022-09-16,39,0.007,122,0.007,14868,0.006,0.146,27672000,9328000 ( 50.9% ),2172,604 ( 38.5% ),108874110539,12783980,7
196,2022-09-17,39,0.006,131,0.007,15940,0.006,0.35,68345500,40673500 ( 147.0% ),5584,3412 ( 157.1% ),108942456039,12789564,6
197,2022-09-18,39,0.006,126,0.007,15288,0.006,0.31,57331500,-11014000 ( -16.1% ),4734,-850 ( -15.2% ),108999787539,12794298,6
198,2022-09-19,39,0.007,118,0.008,14280,0.007,0.109,18123500,-39208000 ( -68.4% ),1561,-3173 ( -67.0% ),109017911039,12795859,7
199,2022-09-20,39,0.007,123,0.008,14884,0.007,0.139,24049000,5925500 ( 32.7% ),2068,507 ( 32.5% ),109041960039,12797927,6
