,날짜,스크린수,스크린점유율,상영횟수,상영점유율,좌석수,좌석점유율,좌석판매율,매출액,매출액증감(전일대비),관객수,관객수증감(전일대비),누적매출액,누적관객수,순위
0,2022-05-18,2226,0.492,12159,0.671,1895922,0.708,0.247,4682804560,4682804560,467483,467483,6663672390,650417,1
1,2022-05-19,2230,0.487,12071,0.67,1874655,0.704,0.195,3691412950,-991391610,366223,-101260,10355085340,1016640,1
2,2022-05-20,2373,0.508,12985,0.687,1998214,0.72,0.262,5535528550,1844115600,523192,156969,15890613890,1539832,1
3,2022-05-21,2498,0.498,14029,0.695,2158563,0.735,0.48,11053323700,5517795150,1037004,513812,26943937590,2576836,1
4,2022-05-22,2496,0.503,13746,0.702,2113561,0.741,0.461,10312298400,-741025300,973821,-63183,37256235990,3550657,1
5,2022-05-23,2285,0.539,12527,0.715,1952818,0.751,0.172,3401800740,-6910497660,336655,-637166,40658036730,3887312,1
6,2022-05-24,2311,0.534,12533,0.714,1949494,0.751,0.145,2865738330,-536062410,283576,-53079,43523775060,4170888,1
7,2022-05-25,2392,0.507,12737,0.7,2006049,0.75,0.171,2840694110,-25044220,342272,58696,46364469170,4513160,1
8,2022-05-26,2376,0.491,12660,0.703,1985922,0.75,0.121,2420006200,-420687910,240641,-101631,48784475370,4753801,1
9,2022-05-27,2421,0.493,13296,0.708,2085602,0.757,0.175,3859805700,1439799500,364472,123831,52644281070,5118273,1
10,2022-05-28,2521,0.476,14238,0.711,2214102,0.761,0.349,8233968350,4374162650,772117,407645,60878249420,5890390,1
11,2022-05-29,2520,0.467,13859,0.707,2157968,0.756,0.304,6961310870,-1272657480,656284,-115833,67839560290,6546674,1
12,2022-05-30,2357,0.524,12613,0.725,1980310,0.768,0.102,2011949470,-4949361400,201418,-454866,69851509760,6748092,1
13,2022-05-31,2407,0.51,12812,0.715,2005821,0.76,0.132,2642702620,630753150,265345,63927,72494212380,7013437,1
14,2022-06-01,1305,0.226,5317,0.29,694490,0.266,0.667,4774754660,2132052040,463146,197801,77268967040,7476583,2
15,2022-06-02,1307,0.253,5541,0.334,718335,0.3,0.214,1502494160,-3272260500,153395,-309751,78771461200,7629978,1
16,2022-06-03,1553,0.287,6366,0.368,835317,0.336,0.263,2262720380,760226220,219326,65931,81034181580,7849304,1
17,2022-06-04,1744,0.308,7648,0.405,1032133,0.383,0.452,4933049510,2670329130,466932,247606,85967231090,8316236,1
18,2022-06-05,1786,0.315,7898,0.418,1072219,0.398,0.515,5809904520,876855010,552233,85301,91777135610,8868469,1
19,2022-06-06,1771,0.322,7893,0.431,1091589,0.416,0.417,4723128710,-1086775810,455336,-96897,96500264320,9323805,1
20,2022-06-07,1557,0.328,7344,0.458,1009071,0.432,0.135,1335486060,-3387642650,136510,-318826,97835750380,9460315,1
21,2022-06-08,1249,0.271,5637,0.329,780810,0.313,0.147,1120337070,-215148990,114543,-21967,98956087450,9574858,2
22,2022-06-09,1322,0.285,5918,0.348,828263,0.334,0.135,1097405520,-22931550,111857,-2686,100053492970,9686715,1
23,2022-06-10,1409,0.298,6391,0.363,893892,0.349,0.164,1509984970,412579450,146311,34454,101563477940,9833026,1
24,2022-06-11,1552,0.301,7301,0.384,1080176,0.393,0.314,3607947830,2097962860,339123,192812,105171425770,10172149,1
25,2022-06-12,1543,0.304,7164,0.388,1063525,0.399,0.312,3498245300,-109702530,331554,-7569,108669671070,10503703,1
26,2022-06-13,1400,0.327,6778,0.412,1003701,0.415,0.122,1213484230,-2284761070,122582,-208972,109883155300,10626285,1
27,2022-06-14,1415,0.325,6750,0.413,1001244,0.417,0.107,1057603400,-155880830,107119,-15463,110940758700,10733404,1
28,2022-06-15,1118,0.213,4155,0.24,584045,0.231,0.154,902026320,-155577080,90229,-16890,111842785020,10823633,2
29,2022-06-16,1162,0.22,4389,0.259,621431,0.251,0.138,854638620,-47387700,85573,-4656,112697423640,10909206,2
30,2022-06-17,1219,0.226,4568,0.26,642138,0.252,0.185,1246704860,392066240,118477,32904,113944128500,11027683,2
31,2022-06-18,1296,0.203,4712,0.249,664379,0.243,0.353,2512339680,1265634820,234780,116303,116456468180,11262463,2
32,2022-06-19,1293,0.204,4590,0.249,652813,0.246,0.303,2096263180,-416076500,197728,-37052,118552731360,11460191,2
33,2022-06-20,1086,0.219,4490,0.274,637542,0.266,0.125,794101780,-1302161400,79524,-118204,119346833140,11539715,2
34,2022-06-21,1131,0.222,4568,0.277,644854,0.267,0.115,736257430,-57844350,73861,-5663,120083090570,11613576,2
35,2022-06-22,774,0.149,2531,0.147,296530,0.119,0.195,577713370,-158544060,57874,-15987,120660803940,11671450,3
36,2022-06-23,866,0.161,2675,0.157,318386,0.129,0.17,537710050,-40003320,53996,-3878,121198513990,11725446,3
37,2022-06-24,876,0.161,2918,0.165,348184,0.136,0.21,767286840,229576790,73080,19084,121965800830,11798526,3
38,2022-06-25,934,0.162,3272,0.175,405315,0.15,0.328,1422688520,655401680,133108,60028,123388489350,11931634,3
39,2022-06-26,935,0.163,3187,0.175,394191,0.15,0.286,1200049310,-222639210,112669,-20439,124588538660,12044303,3
40,2022-06-27,840,0.168,3033,0.183,376763,0.155,0.126,477712000,-722337310,47529,-65140,125066250660,12091832,3
41,2022-06-28,863,0.169,3045,0.183,378379,0.156,0.115,431517930,-46194070,43412,-4117,125497768590,12135244,3
42,2022-06-29,746,0.144,2072,0.122,238193,0.097,0.194,391350340,-40167590,46196,2784,125889118930,12181440,4
43,2022-06-30,749,0.141,2015,0.12,232727,0.095,0.151,348146860,-43203480,35162,-11034,126237265790,12216602,4
44,2022-07-01,776,0.145,2153,0.124,249430,0.099,0.193,512810740,164663880,48236,13074,126750076530,12264838,4
45,2022-07-02,817,0.141,2250,0.123,260569,0.099,0.307,862118140,349307400,80020,31784,127612194670,12344858,4
46,2022-07-03,822,0.143,2218,0.125,256675,0.1,0.28,775637810,-86480330,71877,-8143,128387832480,12416735,4
47,2022-07-04,760,0.153,2142,0.132,251829,0.106,0.111,285565760,-490072050,27907,-43970,128673398240,12444642,3
48,2022-07-05,752,0.147,2148,0.131,253549,0.106,0.123,317975780,32410020,31168,3261,128991374020,12475810,4
49,2022-07-06,507,0.093,812,0.044,90773,0.034,0.154,143987760,-173988020,14017,-17151,129135361780,12489827,4
50,2022-07-07,503,0.092,806,0.044,89382,0.034,0.158,143810960,-176800,14096,79,129279172740,12503923,4
51,2022-07-08,520,0.094,846,0.046,93770,0.035,0.196,199795060,55984100,18376,4280,129478967800,12522299,4
52,2022-07-09,526,0.089,808,0.042,89280,0.032,0.383,373819960,174024900,34150,15774,129852787760,12556449,4
53,2022-07-10,524,0.089,782,0.041,86399,0.032,0.374,352671880,-21148080,32288,-1862,130205459640,12588737,4
54,2022-07-11,495,0.097,822,0.048,91214,0.037,0.138,128811940,-223859940,12564,-19724,130334271580,12601301,4
55,2022-07-12,503,0.095,825,0.049,91425,0.037,0.128,119677150,-9134790,11738,-826,130453948730,12613039,4
56,2022-07-13,273,0.043,391,0.023,42260,0.017,0.124,52393320,-67283830,5253,-6485,130506342050,12618292,8
57,2022-07-14,280,0.043,405,0.024,43288,0.017,0.12,52214300,-179020,5215,-38,130558556350,12623507,7
58,2022-07-15,316,0.048,454,0.026,51794,0.02,0.144,79424800,27210500,7472,2257,130637981150,12630979,6
59,2022-07-16,346,0.05,502,0.026,54921,0.02,0.262,156649860,77225060,14375,6903,130794631010,12645354,5
60,2022-07-17,337,0.049,507,0.027,55951,0.021,0.244,150204480,-6445380,13674,-701,130944835490,12659028,5
61,2022-07-18,319,0.051,491,0.029,52902,0.022,0.121,65360320,-84844160,6382,-7292,131010195810,12665410,5
62,2022-07-19,326,0.051,505,0.03,56400,0.023,0.111,62761320,-2599000,6233,-149,131072957130,12671643,6
63,2022-07-20,120,0.02,151,0.008,17890,0.007,0.094,17012000,-45749320,1679,-4554,131089969130,12673322,9
64,2022-07-21,132,0.021,168,0.009,19934,0.008,0.103,19644020,2632020,2045,366,131109613150,12675367,7
65,2022-07-22,139,0.022,184,0.01,22503,0.008,0.102,24066320,4422300,2303,258,131133679470,12677670,7
66,2022-07-23,124,0.019,173,0.009,20181,0.007,0.174,37618800,13552480,3516,1213,131171298270,12681186,7
67,2022-07-24,123,0.019,167,0.009,19773,0.007,0.17,35654770,-1964030,3359,-157,131206953040,12684545,7
68,2022-07-25,120,0.02,172,0.01,20191,0.008,0.082,16527260,-19127510,1665,-1694,131223480300,12686210,9
69,2022-07-26,121,0.02,173,0.01,20033,0.008,0.086,16878300,351040,1722,57,131240358600,12687932,11
