,날짜,스크린수,스크린점유율,상영횟수,상영점유율,좌석수,좌석점유율,좌석판매율,매출액,매출액증감(전일대비),관객수,관객수증감(전일대비),누적매출액,누적관객수,순위
0,2018-07-18,2,0.0,3,0.0,424,0.0,0.958,2938000,2938000 ( 100.0% ),406,406 ( 100.0% ),2938000,406,22
1,2018-07-24,10,0.002,14,0.001,3668,0.001,0.993,32247000,32247000 ( 100.0% ),3644,3644 ( 100.0% ),35185000,4050,10
2,2018-07-26,42,0.008,42,0.002,7897,0.003,0.966,68400100,68400100 ( 100.0% ),7629,7629 ( 100.0% ),103585100,11679,7
3,2018-07-27,1,0.0,1,0.0,34,0.0,1.0,374000,-68026100 ( -99.5% ),34,-7595 ( -99.6% ),103959100,11713,57
4,2018-07-30,14,0.003,15,0.001,4061,0.001,0.986,36423000,36423000 ( 100.0% ),4005,4005 ( 100.0% ),140382100,15718,8
5,2018-07-31,22,0.004,24,0.001,6065,0.002,0.994,48996000,12573000 ( 34.5% ),6031,2026 ( 50.6% ),189378100,21749,8
6,2018-08-01,1967,0.359,9825,0.533,1742278,0.604,0.716,9684810000,9635814000 ( 19666.5% ),1246603,1240572 ( 20569.9% ),9874188100,1268352,1
7,2018-08-02,2054,0.368,10079,0.544,1772123,0.612,0.608,8458786450,-1226023550 ( -12.7% ),1078012,-168591 ( -13.5% ),18332974550,2346364,1
8,2018-08-03,2126,0.386,10543,0.566,1849070,0.636,0.583,9384731499,925945049 ( 10.9% ),1078478,466 ( 0.0% ),27717706049,3424842,1
9,2018-08-04,2235,0.395,11159,0.59,1938146,0.656,0.757,12779805288,3395073789 ( 36.2% ),1466225,387747 ( 36.0% ),40497511337,4891067,1
10,2018-08-05,2217,0.393,10992,0.59,1914457,0.658,0.68,11361976500,-1417828788 ( -11.1% ),1302687,-163538 ( -11.2% ),51859487837,6193754,1
11,2018-08-06,2087,0.407,10550,0.59,1851230,0.66,0.34,4990976600,-6370999900 ( -56.1% ),629793,-672894 ( -51.7% ),56850464437,6823547,1
12,2018-08-07,2097,0.399,10455,0.586,1834413,0.656,0.281,4056513200,-934463400 ( -18.7% ),515945,-113848 ( -18.1% ),60906977637,7339492,1
13,2018-08-08,1457,0.26,6813,0.367,1260161,0.433,0.314,3125803000,-930710200 ( -22.9% ),395474,-120471 ( -23.3% ),64032780637,7734966,1
14,2018-08-09,1418,0.246,6526,0.349,1210554,0.413,0.269,2577443500,-548359500 ( -17.5% ),325130,-70344 ( -17.8% ),66610224137,8060096,1
15,2018-08-10,1380,0.236,6377,0.336,1177633,0.396,0.303,3132666948,555223448 ( 21.5% ),356267,31137 ( 9.6% ),69742891085,8416363,1
16,2018-08-11,1373,0.23,6396,0.33,1163861,0.383,0.554,5709067964,2576401016 ( 82.2% ),644582,288315 ( 80.9% ),75451959049,9060945,1
17,2018-08-12,1341,0.226,6144,0.323,1119489,0.376,0.509,5026333700,-682734264 ( -12.0% ),570284,-74298 ( -11.5% ),80478292749,9631229,1
18,2018-08-13,1252,0.227,5786,0.316,1027878,0.358,0.223,1822130700,-3204203000 ( -63.7% ),228960,-341324 ( -59.9% ),82300423449,9860189,2
19,2018-08-14,1266,0.217,5794,0.311,1025038,0.351,0.255,2089100400,266969700 ( 14.7% ),261662,32702 ( 14.3% ),84389523849,10121851,2
20,2018-08-15,1108,0.164,4227,0.214,747308,0.242,0.558,3637360500,1548260100 ( 74.1% ),417019,155357 ( 59.4% ),88026884349,10538870,2
21,2018-08-16,1031,0.16,3949,0.209,682219,0.23,0.206,1112884000,-2524476500 ( -69.4% ),140422,-276597 ( -66.3% ),89139768349,10679292,3
22,2018-08-17,1000,0.155,3900,0.204,670269,0.224,0.212,1251639564,138755564 ( 12.5% ),141793,1371 ( 1.0% ),90391407913,10821085,3
23,2018-08-18,999,0.148,3892,0.197,652284,0.21,0.411,2380609096,1128969532 ( 90.2% ),268266,126473 ( 89.2% ),92772017009,11089351,3
24,2018-08-19,992,0.149,3727,0.192,625890,0.206,0.368,2040412600,-340196496 ( -14.3% ),230492,-37774 ( -14.1% ),94812429609,11319843,3
25,2018-08-20,942,0.155,3532,0.195,578926,0.203,0.143,662716400,-1377696200 ( -67.5% ),82706,-147786 ( -64.1% ),95475146009,11402549,3
26,2018-08-21,956,0.154,3520,0.195,574060,0.201,0.136,609501200,-53215200 ( -8.0% ),77873,-4833 ( -5.8% ),96084647209,11480422,3
27,2018-08-22,737,0.129,2491,0.135,380373,0.131,0.165,487097000,-122404200 ( -20.1% ),62694,-15179 ( -19.5% ),96571744209,11543116,4
28,2018-08-23,704,0.121,2262,0.127,338139,0.12,0.142,378157100,-108939900 ( -22.4% ),48148,-14546 ( -23.2% ),96949901309,11591264,4
29,2018-08-24,718,0.118,2350,0.126,347106,0.117,0.185,570284300,192127200 ( 50.8% ),64192,16044 ( 33.3% ),97520185609,11655456,4
30,2018-08-25,735,0.114,2495,0.126,375166,0.12,0.317,1050992200,480707900 ( 84.3% ),118886,54694 ( 85.2% ),98571177809,11774342,4
31,2018-08-26,726,0.115,2422,0.126,364819,0.12,0.294,947321800,-103670400 ( -9.9% ),107231,-11655 ( -9.8% ),99518499609,11881573,4
32,2018-08-27,688,0.125,2325,0.131,345918,0.122,0.108,293460000,-653861800 ( -69.0% ),37465,-69766 ( -65.1% ),99811959609,11919038,3
33,2018-08-28,697,0.125,2282,0.13,337372,0.12,0.103,269936800,-23523200 ( -8.0% ),34852,-2613 ( -7.0% ),100081896409,11953890,4
34,2018-08-29,551,0.093,1405,0.076,188803,0.064,0.194,225259800,-44677000 ( -16.6% ),36540,1688 ( 4.8% ),100307156209,11990430,5
35,2018-08-30,550,0.093,1423,0.077,188669,0.064,0.125,181822100,-43437700 ( -19.3% ),23582,-12958 ( -35.5% ),100488978309,12014012,5
36,2018-08-31,536,0.089,1393,0.074,182361,0.06,0.162,253461000,71638900 ( 39.4% ),29530,5948 ( 25.2% ),100742439309,12043542,4
37,2018-09-01,534,0.083,1390,0.07,185380,0.059,0.223,362155550,108694550 ( 42.9% ),41303,11773 ( 39.9% ),101104594859,12084845,4
38,2018-09-02,527,0.082,1350,0.07,179950,0.059,0.243,385820400,23664850 ( 6.5% ),43763,2460 ( 6.0% ),101490415259,12128608,4
39,2018-09-03,532,0.095,1326,0.075,172557,0.061,0.087,117852200,-267968200 ( -69.5% ),15027,-28736 ( -65.7% ),101608267459,12143635,4
40,2018-09-04,534,0.092,1314,0.074,169431,0.06,0.08,105531800,-12320400 ( -10.5% ),13534,-1493 ( -9.9% ),101713799259,12157169,4
41,2018-09-05,521,0.093,1271,0.072,163895,0.058,0.074,95003350,-10528450 ( -10.0% ),12190,-1344 ( -9.9% ),101808802609,12169359,4
42,2018-09-06,421,0.073,931,0.053,116406,0.041,0.075,68356950,-26646400 ( -28.0% ),8754,-3436 ( -28.2% ),101877159559,12178113,5
43,2018-09-07,418,0.069,943,0.051,116852,0.039,0.091,93380550,25023600 ( 36.6% ),10657,1903 ( 21.7% ),101970540109,12188770,5
44,2018-09-08,449,0.068,977,0.05,122586,0.039,0.161,176691500,83310950 ( 89.2% ),19696,9039 ( 84.8% ),102147231609,12208466,5
45,2018-09-09,446,0.068,972,0.05,122296,0.04,0.187,169302000,-7389500 ( -4.2% ),22919,3223 ( 16.4% ),102316533609,12231385,5
46,2018-09-10,432,0.077,919,0.054,115225,0.042,0.058,51306250,-117995750 ( -69.7% ),6709,-16210 ( -70.7% ),102367839859,12238094,5
47,2018-09-11,414,0.072,879,0.052,111531,0.04,0.059,49416250,-1890000 ( -3.7% ),6574,-135 ( -2.0% ),102417256109,12244668,5
48,2018-09-12,213,0.042,302,0.016,35323,0.012,0.08,21017750,-28398500 ( -57.5% ),2827,-3747 ( -57.0% ),102438273859,12247495,9
49,2018-09-13,206,0.039,303,0.016,35082,0.012,0.078,20439350,-578400 ( -2.8% ),2723,-104 ( -3.7% ),102458713209,12250218,12
50,2018-09-14,208,0.039,311,0.016,36214,0.012,0.09,27303700,6864350 ( 33.6% ),3272,549 ( 20.2% ),102486016909,12253490,9
51,2018-09-15,220,0.039,335,0.016,38618,0.012,0.15,51874650,24570950 ( 90.0% ),5784,2512 ( 76.8% ),102537891559,12259274,8
52,2018-09-16,223,0.04,341,0.017,39243,0.012,0.141,50096150,-1778500 ( -3.4% ),5539,-245 ( -4.2% ),102587987709,12264813,7
53,2018-09-17,213,0.043,337,0.019,40203,0.014,0.055,16929850,-33166300 ( -66.2% ),2192,-3347 ( -60.4% ),102604917559,12267005,11
54,2018-09-18,217,0.043,336,0.02,40573,0.015,0.054,16506050,-423800 ( -2.5% ),2202,10 ( 0.5% ),102621423609,12269207,11
55,2018-09-19,10,0.002,13,0.001,1299,0.0,0.169,1362500,-15143550 ( -91.7% ),220,-1982 ( -90.0% ),102622786109,12269427,21
56,2018-09-20,10,0.002,12,0.001,1306,0.0,0.169,1521200,158700 ( 11.6% ),221,1 ( 0.5% ),102624307309,12269648,25
57,2018-09-21,12,0.002,15,0.001,1574,0.001,0.208,2317600,796400 ( 52.4% ),327,106 ( 48.0% ),102626624909,12269975,20
58,2018-09-22,11,0.002,12,0.001,1154,0.0,0.18,1909700,-407900 ( -17.6% ),208,-119 ( -36.4% ),102628534609,12270183,25
59,2018-09-23,11,0.002,11,0.001,1092,0.0,0.228,2283800,374100 ( 19.6% ),249,41 ( 19.7% ),102630818409,12270432,22
60,2018-09-24,10,0.002,10,0.0,1043,0.0,0.209,1958600,-325200 ( -14.2% ),218,-31 ( -12.4% ),102632777009,12270650,25
61,2018-09-25,11,0.002,13,0.001,1280,0.0,0.24,2745900,787300 ( 40.2% ),307,89 ( 40.8% ),102635522909,12270957,21
62,2018-09-26,10,0.002,11,0.001,1333,0.0,0.15,1530700,-1215200 ( -44.3% ),200,-107 ( -34.9% ),102637053609,12271157,29
63,2018-09-27,27,0.005,32,0.002,3541,0.001,0.069,1913300,382600 ( 25.0% ),244,44 ( 22.0% ),102638966909,12271401,26
64,2018-09-28,29,0.005,34,0.002,3874,0.001,0.059,1977000,63700 ( 3.3% ),227,-17 ( -7.0% ),102640943909,12271628,28
65,2018-09-29,25,0.004,28,0.001,3305,0.001,0.081,2328300,351300 ( 17.8% ),268,41 ( 18.1% ),102643272209,12271896,26
66,2018-09-30,24,0.004,26,0.001,3222,0.001,0.1,2738000,409700 ( 17.6% ),323,55 ( 20.5% ),102646010209,12272219,25
67,2018-10-01,17,0.004,20,0.001,2434,0.001,0.038,690300,-2047700 ( -74.8% ),93,-230 ( -71.2% ),102646700509,12272312,39
68,2018-10-02,19,0.004,22,0.001,2388,0.001,0.042,783400,93100 ( 13.5% ),100,7 ( 7.5% ),102647483909,12272412,45
69,2018-10-03,1,0.0,1,0.0,226,0.0,0.102,181000,-602400 ( -76.9% ),23,-77 ( -77.0% ),102647664909,12272435,61
70,2018-10-04,1,0.0,1,0.0,104,0.0,0.019,16000,-165000 ( -91.2% ),2,-21 ( -91.3% ),102647680909,12272437,77
71,2018-10-05,1,0.0,1,0.0,121,0.0,0.215,132000,116000 ( 725.0% ),26,24 ( 1200.0% ),102647812909,12272463,57
72,2018-10-06,1,0.0,1,0.0,124,0.0,1.0,744000,612000 ( 463.6% ),124,98 ( 376.9% ),102648556909,12272587,31
73,2018-10-10,3,0.001,3,0.0,391,0.0,0.386,1047000,1047000 ( 100.0% ),151,151 ( 100.0% ),102649603909,12272738,30
74,2018-10-11,1,0.0,1,0.0,114,0.0,0.035,20000,-1027000 ( -98.1% ),4,-147 ( -97.4% ),102649623909,12272742,78
75,2018-10-12,1,0.0,1,0.0,114,0.0,0.009,5000,-15000 ( -75.0% ),1,-3 ( -75.0% ),102649628909,12272743,90
76,2018-10-13,2,0.0,2,0.0,218,0.0,0.037,40000,35000 ( 700.0% ),8,7 ( 700.0% ),102649668909,12272751,71
77,2018-10-14,2,0.0,2,0.0,218,0.0,0.018,20000,-20000 ( -50.0% ),4,-4 ( -50.0% ),102649688909,12272755,76
78,2018-10-15,2,0.0,2,0.0,218,0.0,0.028,30000,10000 ( 50.0% ),6,2 ( 50.0% ),102649718909,12272761,74
79,2018-10-16,2,0.0,2,0.0,218,0.0,0.018,20000,-10000 ( -33.3% ),4,-2 ( -33.3% ),102649738909,12272765,81
80,2018-10-17,1,0.0,1,0.0,114,0.0,0.018,10000,-10000 ( -50.0% ),2,-2 ( -50.0% ),102649748909,12272767,92
81,2018-10-18,1,0.0,1,0.0,212,0.0,0.0,0,-10000 ( -100.0% ),0,-2 ( -100.0% ),102649748909,12272767,96
82,2018-10-20,1,0.0,1,0.0,212,0.0,0.0,0,0 ( 0.0% ),0,0 ( 0.0% ),102649748909,12272767,97
83,2018-10-21,1,0.0,1,0.0,100,0.0,0.06,48000,48000 ( 100.0% ),6,6 ( 100.0% ),102649796909,12272773,78
84,2018-10-22,1,0.0,1,0.0,172,0.0,0.047,56000,8000 ( 16.7% ),8,2 ( 33.3% ),102649852909,12272781,79
85,2018-10-23,1,0.0,1,0.0,126,0.0,0.024,21000,-35000 ( -62.5% ),3,-5 ( -62.5% ),102649873909,12272784,94
86,2018-10-24,1,0.0,1,0.0,126,0.0,0.024,21000,0 ( 0.0% ),3,0 ( 0.0% ),102649894909,12272787,97
87,2018-10-26,2,0.0,2,0.0,321,0.0,0.47,759000,759000 ( 100.0% ),151,151 ( 100.0% ),102650653909,12272938,36
88,2018-10-27,1,0.0,1,0.0,126,0.0,0.071,63000,-696000 ( -91.7% ),9,-142 ( -94.0% ),102650716909,12272947,120
89,2018-10-28,2,0.0,2,0.0,272,0.0,0.085,182000,119000 ( 188.9% ),23,14 ( 155.6% ),102650898909,12272970,82
90,2018-10-30,1,0.0,1,0.0,231,0.0,0.732,1436500,1436500 ( 100.0% ),169,169 ( 100.0% ),102652335409,12273139,41
91,2018-10-31,1,0.0,1,0.0,268,0.0,0.627,1428000,-8500 ( -0.6% ),168,-1 ( -0.6% ),102653763409,12273307,39
92,2018-11-01,3,0.001,3,0.0,576,0.0,0.911,3925500,2497500 ( 174.9% ),525,357 ( 212.5% ),102657688909,12273832,21
93,2018-11-02,3,0.001,3,0.0,348,0.0,0.52,1445000,-2480500 ( -63.2% ),181,-344 ( -65.5% ),102659133909,12274013,32
94,2018-11-03,1,0.0,1,0.0,150,0.0,0.02,15000,-1430000 ( -99.0% ),3,-178 ( -98.3% ),102659148909,12274016,127
95,2018-11-04,1,0.0,1,0.0,150,0.0,0.007,5000,-10000 ( -66.7% ),1,-2 ( -66.7% ),102659153909,12274017,124
96,2018-11-07,1,0.0,2,0.0,300,0.0,0.017,25000,25000 ( 100.0% ),5,5 ( 100.0% ),102659178909,12274022,93
97,2018-11-09,1,0.0,1,0.0,150,0.0,0.007,5000,5000 ( 100.0% ),1,1 ( 100.0% ),102659183909,12274023,103
98,2018-11-10,1,0.0,1,0.0,150,0.0,0.027,20000,15000 ( 300.0% ),4,3 ( 300.0% ),102659203909,12274027,103
99,2018-11-15,1,0.0,1,0.0,132,0.0,1.0,660000,660000 ( 100.0% ),132,132 ( 100.0% ),102659863909,12274159,40
100,2018-12-01,2,0.0,2,0.0,190,0.0,1.0,1140000,1140000 ( 100.0% ),190,190 ( 100.0% ),102661003909,12274349,34
101,2018-12-14,3,0.0,3,0.0,724,0.0,0.442,2533000,2533000 ( 100.0% ),320,320 ( 100.0% ),102663536909,12274669,39
102,2018-12-15,1,0.0,1,0.0,413,0.0,0.005,10000,-2523000 ( -99.6% ),2,-318 ( -99.4% ),102663546909,12274671,109
103,2018-12-16,1,0.0,1,0.0,175,0.0,1.0,1400000,1390000 ( 13900.0% ),175,173 ( 8650.0% ),102664946909,12274846,40
104,2018-12-20,1,0.0,1,0.0,150,0.0,1.0,1200000,1200000 ( 100.0% ),150,150 ( 100.0% ),102666146909,12274996,40
105,2019-01-27,2,0.0,2,0.0,542,0.0,0.97,4208000,4208000 ( 100.0% ),526,526 ( 100.0% ),102670354909,12275522,22
106,2019-01-31,1,0.0,1,0.0,321,0.0,1.0,3531000,3531000 ( 100.0% ),321,321 ( 100.0% ),102673885909,12275843,26
107,2019-03-03,2,0.0,2,0.0,306,0.0,0.889,2448000,2448000 ( 100.0% ),272,272 ( 100.0% ),102676333909,12276115,36
108,2019-09-28,1,0.0,1,0.0,160,0.0,0.0,0,0 ( 0.0% ),0,0 ( 0.0% ),102676333909,12276115,112
109,2019-10-15,4,0.001,4,0.0,589,0.0,0.012,38000,38000 ( 100.0% ),7,7 ( 100.0% ),102676371909,12276122,84
110,2019-10-19,11,0.002,11,0.001,1473,0.0,0.039,335500,335500 ( 100.0% ),58,58 ( 100.0% ),102676707409,12276180,73
111,2019-10-20,11,0.002,11,0.001,1164,0.0,0.043,305000,-30500 ( -9.1% ),50,-8 ( -13.8% ),102677012409,12276230,71
112,2019-10-24,11,0.002,11,0.001,1566,0.001,0.018,154000,154000 ( 100.0% ),28,28 ( 100.0% ),102677166409,12276258,78
113,2019-10-25,9,0.001,9,0.0,1104,0.0,0.039,233000,79000 ( 51.3% ),43,15 ( 53.6% ),102677399409,12276301,70
114,2019-10-27,9,0.001,9,0.0,1001,0.0,0.049,276000,276000 ( 100.0% ),49,49 ( 100.0% ),102677675409,12276350,63
115,2020-01-22,1,0.0,1,0.0,118,0.0,0.0,0,0 ( 0.0% ),0,0 ( 0.0% ),102677675409,12276350,103
116,2020-06-03,1,0.0,1,0.0,413,0.0,0.002,6000,6000 ( 100.0% ),1,1 ( 100.0% ),102677681409,12276351,122
117,2020-06-06,1,0.0,1,0.0,413,0.0,0.007,21000,21000 ( 100.0% ),3,3 ( 100.0% ),102677702409,12276354,123
118,2020-06-11,1,0.0,1,0.0,413,0.0,0.005,12000,12000 ( 100.0% ),2,2 ( 100.0% ),102677714409,12276356,106
119,2020-06-16,1,0.0,1,0.0,413,0.0,0.007,16000,16000 ( 100.0% ),3,3 ( 100.0% ),102677730409,12276359,95
120,2021-01-18,1,0.0,1,0.0,52,0.0,0.038,20000,20000 ( 100.0% ),2,2 ( 100.0% ),102677750409,12276361,93
121,2021-01-21,86,0.021,111,0.014,15747,0.012,0.016,1597380,1597380 ( 100.0% ),258,258 ( 100.0% ),102679347789,12276619,17
122,2021-01-22,76,0.018,91,0.011,12982,0.01,0.012,974500,-622880 ( -39.0% ),159,-99 ( -38.4% ),102680322289,12276778,22
123,2021-01-23,79,0.017,93,0.009,12355,0.008,0.027,3054970,2080470 ( 213.5% ),337,178 ( 111.9% ),102683377259,12277115,21
124,2021-01-24,72,0.015,83,0.008,10805,0.007,0.019,1424070,-1630900 ( -53.4% ),203,-134 ( -39.8% ),102684801329,12277318,26
125,2021-01-25,55,0.015,61,0.008,8397,0.007,0.011,589500,-834570 ( -58.6% ),94,-109 ( -53.7% ),102685390829,12277412,25
126,2021-01-26,50,0.012,60,0.008,7863,0.006,0.012,583500,-6000 ( -1.0% ),94,0 ( 0.0% ),102685974329,12277506,27
127,2021-01-27,34,0.008,37,0.004,4893,0.003,0.01,309400,-274100 ( -47.0% ),48,-46 ( -48.9% ),102686283729,12277554,39
128,2021-01-28,21,0.005,22,0.002,3153,0.002,0.01,242000,-67400 ( -21.8% ),33,-15 ( -31.3% ),102686525729,12277587,39
129,2021-01-29,24,0.005,25,0.003,3445,0.002,0.011,250000,8000 ( 3.3% ),39,6 ( 18.2% ),102686775729,12277626,37
130,2021-01-30,14,0.003,14,0.001,2056,0.001,0.017,212970,-37030 ( -14.8% ),34,-5 ( -12.8% ),102686988699,12277660,51
131,2021-01-31,33,0.007,33,0.003,4582,0.003,0.014,418900,205930 ( 96.7% ),63,29 ( 85.3% ),102687407599,12277723,37
132,2021-02-01,16,0.004,17,0.002,2491,0.002,0.012,176940,-241960 ( -57.8% ),30,-33 ( -52.4% ),102687584539,12277753,36
133,2021-02-02,25,0.006,26,0.003,3522,0.003,0.012,293000,116060 ( 65.6% ),44,14 ( 46.7% ),102687877539,12277797,39
134,2021-02-03,2,0.0,3,0.0,253,0.0,0.016,21000,-272000 ( -92.8% ),4,-40 ( -90.9% ),102687898539,12277801,83
135,2021-11-11,2,0.0,2,0.0,215,0.0,0.037,56000,56000 ( 100.0% ),8,8 ( 100.0% ),102687954539,12277809,100
136,2021-11-12,1,0.0,1,0.0,102,0.0,0.01,7000,-49000 ( -87.5% ),1,-7 ( -87.5% ),102687961539,12277810,134
137,2021-11-13,2,0.0,2,0.0,215,0.0,0.051,77000,70000 ( 1000.0% ),11,10 ( 1000.0% ),102688038539,12277821,98
138,2021-11-14,2,0.0,2,0.0,215,0.0,0.098,147000,70000 ( 90.9% ),21,10 ( 90.9% ),102688185539,12277842,83
139,2021-11-15,2,0.0,2,0.0,272,0.0,0.015,28000,-119000 ( -81.0% ),4,-17 ( -81.0% ),102688213539,12277846,91
140,2021-11-16,2,0.0,2,0.0,272,0.0,0.018,35000,7000 ( 25.0% ),5,1 ( 25.0% ),102688248539,12277851,99
141,2021-11-17,2,0.0,2,0.0,215,0.0,0.079,119000,84000 ( 240.0% ),17,12 ( 240.0% ),102688367539,12277868,84
142,2021-11-18,2,0.0,2,0.0,215,0.0,0.019,28000,-91000 ( -76.5% ),4,-13 ( -76.5% ),102688395539,12277872,111
143,2021-11-20,2,0.0,2,0.0,215,0.0,0.042,63000,63000 ( 100.0% ),9,9 ( 100.0% ),102688458539,12277881,104
144,2021-11-21,2,0.0,2,0.0,215,0.0,0.423,629000,566000 ( 898.4% ),91,82 ( 911.1% ),102689087539,12277972,36
145,2021-11-22,2,0.0,2,0.0,215,0.0,0.033,49000,-580000 ( -92.2% ),7,-84 ( -92.3% ),102689136539,12277979,90
146,2021-11-23,2,0.0,3,0.0,328,0.0,0.037,84000,35000 ( 71.4% ),12,5 ( 71.4% ),102689220539,12277991,96
147,2021-11-24,2,0.0,2,0.0,488,0.0,0.039,129000,45000 ( 53.6% ),19,7 ( 58.3% ),102689349539,12278010,91
