,날짜,스크린수,스크린점유율,상영횟수,상영점유율,좌석수,좌석점유율,좌석판매율,매출액,매출액증감(전일대비),관객수,관객수증감(전일대비),누적매출액,누적관객수,순위
0,2022-12-08,1,0.0,1,0.0,378,0.0,1.0,7560000,7560000 ( 100.0% ),378,378 ( 100.0% ),7560000,378,29
1,2022-12-09,1,0.0,1,0.0,378,0.0,1.0,7560000,0 ( 0.0% ),378,0 ( 0.0% ),15120000,756,26
2,2022-12-14,2797,0.507,10115,0.709,1544693,0.767,0.232,4189094718,4189094718 ( 100.0% ),359031,359031 ( 100.0% ),4204214718,359787,1
3,2022-12-15,2806,0.504,9921,0.705,1520174,0.764,0.192,3448800680,-740294038 ( -17.7% ),291397,-67634 ( -18.8% ),7653015398,651184,1
4,2022-12-16,2809,0.496,10289,0.702,1574928,0.763,0.263,5096229751,1647429071 ( 47.8% ),414520,123123 ( 42.3% ),12749245149,1065704,1
5,2022-12-17,2803,0.476,10610,0.683,1624454,0.748,0.51,10154387329,5058157578 ( 99.3% ),828253,413733 ( 99.8% ),22903632478,1893957,1
6,2022-12-18,2777,0.479,10247,0.68,1571943,0.745,0.501,9584166736,-570220593 ( -5.6% ),786962,-41291 ( -5.0% ),32487799214,2680919,1
7,2022-12-19,2696,0.511,9536,0.697,1474767,0.758,0.179,3217342739,-6366823997 ( -66.4% ),264527,-522435 ( -66.4% ),35705141953,2945446,1
8,2022-12-20,2717,0.493,9502,0.685,1465631,0.747,0.175,3090471401,-126871338 ( -3.9% ),256091,-8436 ( -3.2% ),38795613354,3201537,1
9,2022-12-21,2198,0.405,7443,0.49,1140463,0.528,0.213,2947084631,-143386770 ( -4.6% ),242929,-13162 ( -5.1% ),41742697985,3444466,1
10,2022-12-22,2209,0.384,7372,0.487,1135951,0.529,0.198,2790193783,-156890848 ( -5.3% ),225354,-17575 ( -7.2% ),44532891768,3669820,1
11,2022-12-23,2242,0.391,7820,0.499,1201042,0.541,0.274,4260110221,1469916438 ( 52.7% ),329464,104110 ( 46.2% ),48793001989,3999284,1
12,2022-12-24,2289,0.347,8363,0.481,1285201,0.53,0.625,10152136901,5892026680 ( 138.3% ),803132,473668 ( 143.8% ),58945138890,4802416,1
13,2022-12-25,2280,0.342,8067,0.476,1246767,0.527,0.62,9639091798,-513045103 ( -5.1% ),772960,-30172 ( -3.8% ),68584230688,5575376,1
14,2022-12-26,2156,0.371,7394,0.487,1155398,0.539,0.205,2960830530,-6678261268 ( -69.3% ),237068,-535892 ( -69.3% ),71545061218,5812444,1
15,2022-12-27,2200,0.363,7389,0.481,1152643,0.532,0.177,2544691710,-416138820 ( -14.1% ),203956,-33112 ( -14.0% ),74089752928,6016400,1
16,2022-12-28,2066,0.34,6905,0.436,1099989,0.495,0.215,2667015842,122324132 ( 4.8% ),236019,32063 ( 15.7% ),76756768770,6252419,1
17,2022-12-29,2035,0.335,6910,0.437,1099957,0.498,0.196,2695701474,28685632 ( 1.1% ),215887,-20132 ( -8.5% ),79452470244,6468306,1
18,2022-12-30,2075,0.334,7287,0.443,1157868,0.504,0.285,4270276234,1574574760 ( 58.4% ),329562,113675 ( 52.7% ),83722746478,6797868,1
19,2022-12-31,2050,0.292,7454,0.433,1192557,0.498,0.432,6574092724,2303816490 ( 54.0% ),515281,185719 ( 56.4% ),90296839202,7313149,1
20,2023-01-01,2047,0.298,7148,0.435,1139079,0.498,0.377,5546745851,-1027346873 ( -15.6% ),429533,-85748 ( -16.6% ),95843585053,7742682,1
21,2023-01-02,1992,0.329,6578,0.438,1056182,0.498,0.138,1869536653,-3677209198 ( -66.3% ),145308,-284225 ( -66.2% ),97713121706,7887990,1
22,2023-01-03,1991,0.327,6471,0.433,1039497,0.493,0.11,1475204233,-394332420 ( -21.1% ),113903,-31405 ( -21.6% ),99188325939,8001893,1
23,2023-01-04,1473,0.226,4464,0.268,733980,0.312,0.125,1220595836,-254608397 ( -17.3% ),91614,-22289 ( -19.6% ),100408921775,8093507,1
24,2023-01-05,1455,0.222,4450,0.268,731698,0.313,0.125,1212558644,-8037192 ( -0.7% ),91107,-507 ( -0.6% ),101621480419,8184614,1
25,2023-01-06,1466,0.223,4587,0.268,755444,0.314,0.156,1635741090,423182446 ( 34.9% ),117734,26627 ( 29.2% ),103257221509,8302348,1
26,2023-01-07,1454,0.208,4672,0.259,760686,0.301,0.331,3408251318,1772510228 ( 108.4% ),251726,133992 ( 113.8% ),106665472827,8554074,1
27,2023-01-08,1439,0.206,4495,0.256,732396,0.297,0.304,2970060027,-438191291 ( -12.9% ),222534,-29192 ( -11.6% ),109635532854,8776608,1
28,2023-01-09,1348,0.22,4045,0.257,663229,0.294,0.106,950414824,-2019645203 ( -68.0% ),70516,-152018 ( -68.3% ),110585947678,8847124,1
29,2023-01-10,1350,0.215,4017,0.254,655196,0.292,0.097,850591259,-99823565 ( -10.5% ),63373,-7143 ( -10.1% ),111436538937,8910497,1
30,2023-01-11,1328,0.213,3801,0.238,614998,0.271,0.093,773184257,-77407002 ( -9.1% ),56896,-6477 ( -10.2% ),112209723194,8967393,1
31,2023-01-12,1336,0.212,3797,0.24,612226,0.271,0.089,735902322,-37281935 ( -4.8% ),54684,-2212 ( -3.9% ),112945625516,9022077,1
32,2023-01-13,1379,0.216,4044,0.245,646699,0.276,0.115,1071312042,335409720 ( 45.6% ),74486,19802 ( 36.2% ),114016937558,9096563,1
33,2023-01-14,1409,0.21,4303,0.243,680483,0.273,0.248,2343725725,1272413683 ( 118.8% ),169086,94600 ( 127.0% ),116360663283,9265649,1
34,2023-01-15,1390,0.211,4158,0.242,658525,0.272,0.226,2040883707,-302842018 ( -12.9% ),148709,-20377 ( -12.1% ),118401546990,9414358,1
35,2023-01-16,1262,0.222,3656,0.245,588970,0.274,0.083,677380143,-1363503564 ( -66.8% ),48885,-99824 ( -67.1% ),119078927133,9463243,1
36,2023-01-17,1290,0.221,3669,0.244,589531,0.273,0.08,646968030,-30412113 ( -4.5% ),47019,-1866 ( -3.8% ),119725895163,9510262,1
37,2023-01-18,708,0.11,1565,0.089,233556,0.092,0.112,365348267,-281619763 ( -43.5% ),26246,-20773 ( -44.2% ),120091243430,9536508,4
38,2023-01-19,727,0.11,1610,0.092,237493,0.094,0.121,393443863,28095596 ( 7.7% ),28683,2437 ( 9.3% ),120484687293,9565191,4
39,2023-01-20,757,0.11,1732,0.094,256056,0.097,0.194,731725530,338281667 ( 86.0% ),49712,21029 ( 73.3% ),121216412823,9614903,3
40,2023-01-21,851,0.114,2032,0.106,300881,0.11,0.302,1291148442,559422912 ( 76.5% ),90918,41206 ( 82.9% ),122507561265,9705821,3
41,2023-01-22,864,0.118,2073,0.111,308813,0.115,0.376,1648420904,357272462 ( 27.7% ),116153,25235 ( 27.8% ),124155982169,9821974,2
42,2023-01-23,902,0.118,2162,0.111,324897,0.117,0.483,2149922291,501501387 ( 30.4% ),156919,40766 ( 35.1% ),126305904460,9978893,2
43,2023-01-24,909,0.12,2111,0.113,317120,0.119,0.384,1660761036,-489161255 ( -22.8% ),121885,-35034 ( -22.3% ),127966665496,10100778,2
44,2023-01-25,669,0.096,1620,0.092,256426,0.102,0.166,554344762,-1106416274 ( -66.6% ),42477,-79408 ( -65.1% ),128521010258,10143255,4
45,2023-01-26,661,0.095,1588,0.094,252034,0.104,0.112,395562792,-158781970 ( -28.6% ),28259,-14218 ( -33.5% ),128916573050,10171514,3
46,2023-01-27,716,0.1,1753,0.101,275048,0.11,0.124,514764073,119201281 ( 30.1% ),34142,5883 ( 20.8% ),129431337123,10205656,3
47,2023-01-28,797,0.102,2016,0.108,317209,0.119,0.256,1172650186,657886113 ( 127.8% ),81248,47106 ( 138.0% ),130603987309,10286904,3
48,2023-01-29,802,0.103,1970,0.108,309637,0.119,0.233,1023743897,-148906289 ( -12.7% ),72041,-9207 ( -11.3% ),131627731206,10358945,3
49,2023-01-30,737,0.111,1756,0.111,280102,0.121,0.084,323876273,-699867624 ( -68.4% ),23417,-48624 ( -67.5% ),131951607479,10382362,3
50,2023-01-31,751,0.109,1756,0.109,280210,0.12,0.082,312032631,-11843642 ( -3.7% ),22893,-524 ( -2.2% ),132263640110,10405255,3
51,2023-02-01,641,0.094,1441,0.095,243983,0.113,0.072,242579712,-69452919 ( -22.3% ),17507,-5386 ( -23.5% ),132506219822,10422762,5
52,2023-02-02,657,0.093,1428,0.095,238940,0.112,0.068,227838328,-14741384 ( -6.1% ),16353,-1154 ( -6.6% ),132734058150,10439115,3
53,2023-02-03,666,0.092,1526,0.098,255915,0.115,0.079,305869312,78030984 ( 34.2% ),20233,3880 ( 23.7% ),133039927462,10459348,3
54,2023-02-04,707,0.09,1736,0.1,289336,0.118,0.171,728604663,422735351 ( 138.2% ),49340,29107 ( 143.9% ),133768532125,10508688,2
55,2023-02-05,712,0.092,1680,0.1,279435,0.119,0.158,636624518,-91980145 ( -12.6% ),44088,-5252 ( -10.6% ),134405156643,10552776,2
56,2023-02-06,656,0.099,1426,0.102,240600,0.119,0.061,211385434,-425239084 ( -66.8% ),14785,-29303 ( -66.5% ),134616542077,10567561,2
57,2023-02-07,644,0.094,1387,0.099,234505,0.116,0.059,202408470,-8976964 ( -4.2% ),13938,-847 ( -5.7% ),134818950547,10581499,2
58,2023-02-08,599,0.08,1012,0.071,157683,0.077,0.062,131648317,-70760153 ( -35.0% ),9758,-4180 ( -30.0% ),134950598864,10591257,3
59,2023-02-09,603,0.081,1019,0.073,158486,0.079,0.066,142067089,10418772 ( 7.9% ),10526,768 ( 7.9% ),135092665953,10601783,3
60,2023-02-10,635,0.083,1136,0.076,175097,0.082,0.084,201259404,59192315 ( 41.7% ),14735,4209 ( 40.0% ),135293925357,10616518,3
61,2023-02-11,678,0.081,1283,0.078,188457,0.081,0.171,439667202,238407798 ( 118.5% ),32243,17508 ( 118.8% ),135733592559,10648761,3
62,2023-02-12,656,0.079,1225,0.077,180807,0.08,0.17,421957280,-17709922 ( -4.0% ),30749,-1494 ( -4.6% ),136155549839,10679510,3
63,2023-02-13,617,0.088,1046,0.079,155374,0.081,0.065,132553967,-289403313 ( -68.6% ),10138,-20611 ( -67.0% ),136288103806,10689648,3
64,2023-02-14,609,0.083,1039,0.075,154753,0.078,0.074,154130857,21576890 ( 16.3% ),11444,1306 ( 12.9% ),136442234663,10701092,3
65,2023-02-15,355,0.056,444,0.027,54173,0.023,0.082,48258182,-105872675 ( -68.7% ),4464,-6980 ( -61.0% ),136490492845,10705556,6
66,2023-02-16,360,0.058,451,0.028,55968,0.024,0.083,50435609,2177427 ( 4.5% ),4650,186 ( 4.2% ),136540928454,10710206,5
67,2023-02-17,378,0.059,483,0.029,59244,0.025,0.098,65978174,15542565 ( 30.8% ),5782,1132 ( 24.3% ),136606906628,10715988,5
68,2023-02-18,392,0.057,512,0.029,61020,0.024,0.215,152285791,86307617 ( 130.8% ),13111,7329 ( 126.8% ),136759192419,10729099,6
69,2023-02-19,392,0.058,507,0.029,60685,0.025,0.207,145158986,-7126805 ( -4.7% ),12583,-528 ( -4.0% ),136904351405,10741682,6
70,2023-02-20,358,0.06,472,0.032,56929,0.026,0.074,46581126,-98577860 ( -67.9% ),4231,-8352 ( -66.4% ),136950932531,10745913,4
71,2023-02-21,378,0.061,492,0.033,59135,0.028,0.077,49045636,2464510 ( 5.3% ),4551,320 ( 7.6% ),136999978167,10750464,5
72,2023-02-22,221,0.036,273,0.016,34396,0.014,0.09,31289792,-17755844 ( -36.2% ),3095,-1456 ( -32.0% ),137031267959,10753559,10
73,2023-02-23,217,0.035,268,0.016,33628,0.014,0.079,29016778,-2273014 ( -7.3% ),2670,-425 ( -13.7% ),137060284737,10756229,9
74,2023-02-24,223,0.035,283,0.017,35281,0.014,0.092,37294569,8277791 ( 28.5% ),3232,562 ( 21.0% ),137097579306,10759461,9
75,2023-02-25,227,0.033,297,0.016,36813,0.014,0.185,82013949,44719380 ( 119.9% ),6818,3586 ( 111.0% ),137179593255,10766279,10
76,2023-02-26,220,0.032,285,0.016,34595,0.013,0.19,78051932,-3962017 ( -4.8% ),6557,-261 ( -3.8% ),137257645187,10772836,9
77,2023-02-27,223,0.036,294,0.018,36571,0.016,0.077,31470201,-46581731 ( -59.7% ),2818,-3739 ( -57.0% ),137289115388,10775654,9
78,2023-02-28,212,0.033,278,0.017,35389,0.015,0.098,37455655,5985454 ( 19.0% ),3453,635 ( 22.5% ),137326571043,10779107,9
79,2023-03-01,103,0.014,126,0.007,15373,0.006,0.268,49530925,12075270 ( 32.2% ),4123,670 ( 19.4% ),137376101968,10783230,15
80,2023-03-02,100,0.016,119,0.008,14742,0.007,0.054,8986090,-40544835 ( -81.9% ),798,-3325 ( -80.6% ),137385088058,10784028,16
81,2023-03-03,94,0.015,112,0.007,14165,0.006,0.069,11684814,2698724 ( 30.0% ),981,183 ( 22.9% ),137396772872,10785009,14
82,2023-03-04,107,0.014,130,0.007,16003,0.006,0.185,36606811,24921997 ( 213.3% ),2958,1977 ( 201.5% ),137433379683,10787967,15
83,2023-03-05,102,0.013,126,0.007,15614,0.006,0.139,26674792,-9932019 ( -27.1% ),2171,-787 ( -26.6% ),137460054475,10790138,16
84,2023-03-06,98,0.017,113,0.008,14794,0.007,0.047,8011598,-18663194 ( -70.0% ),696,-1475 ( -67.9% ),137468066073,10790834,12
85,2023-03-07,99,0.017,113,0.008,14235,0.007,0.056,9249899,1238301 ( 15.5% ),794,98 ( 14.1% ),137477315972,10791628,14
86,2023-03-08,55,0.009,60,0.004,6628,0.003,0.052,3708895,-5541004 ( -59.9% ),342,-452 ( -56.9% ),137481024867,10791970,23
87,2023-03-09,47,0.008,54,0.004,5482,0.003,0.071,4447698,738803 ( 19.9% ),391,49 ( 14.3% ),137485472565,10792361,21
88,2023-03-10,51,0.008,58,0.004,5914,0.003,0.075,5121299,673601 ( 15.1% ),446,55 ( 14.1% ),137490593864,10792807,21
89,2023-03-11,59,0.008,73,0.004,7890,0.003,0.129,12344299,7223000 ( 141.0% ),1017,571 ( 128.0% ),137502938163,10793824,18
90,2023-03-12,60,0.009,72,0.004,7474,0.003,0.178,16751598,4407299 ( 35.7% ),1328,311 ( 30.6% ),137519689761,10795152,17
91,2023-03-13,43,0.008,51,0.004,5199,0.003,0.048,2823000,-13928598 ( -83.1% ),252,-1076 ( -81.0% ),137522512761,10795404,21
92,2023-03-14,49,0.009,56,0.004,5837,0.003,0.047,3057398,234398 ( 8.3% ),275,23 ( 9.1% ),137525570159,10795679,29
93,2023-03-15,44,0.008,52,0.004,5880,0.003,0.058,3922599,865201 ( 28.3% ),341,66 ( 24.0% ),137529492758,10796020,19
94,2023-03-16,43,0.008,50,0.004,5433,0.003,0.053,3155520,-767079 ( -19.6% ),286,-55 ( -16.1% ),137532648278,10796306,21
95,2023-03-17,47,0.008,57,0.004,6290,0.003,0.06,4193099,1037579 ( 32.9% ),375,89 ( 31.1% ),137536841377,10796681,19
96,2023-03-18,46,0.007,59,0.003,6233,0.003,0.133,10184793,5991694 ( 142.9% ),829,454 ( 121.1% ),137547026170,10797510,20
97,2023-03-19,55,0.008,67,0.004,7451,0.003,0.122,11135194,950401 ( 9.3% ),908,79 ( 9.5% ),137558161364,10798418,19
98,2023-03-20,40,0.007,43,0.003,4848,0.003,0.053,2940199,-8194995 ( -73.6% ),258,-650 ( -71.6% ),137561101563,10798676,24
99,2023-03-21,43,0.008,49,0.004,5793,0.003,0.051,3158998,218799 ( 7.4% ),294,36 ( 14.0% ),137564260561,10798970,24
100,2023-03-22,29,0.005,32,0.002,2687,0.001,0.055,1871500,-1287498 ( -40.8% ),148,-146 ( -49.7% ),137566132061,10799118,32
101,2023-03-23,30,0.005,33,0.002,2748,0.001,0.055,1663500,-208000 ( -11.1% ),150,2 ( 1.4% ),137567795561,10799268,31
102,2023-03-24,31,0.005,34,0.002,3265,0.002,0.043,1616199,-47301 ( -2.8% ),139,-11 ( -7.3% ),137569411760,10799407,30
103,2023-03-25,38,0.006,43,0.002,3743,0.002,0.119,5432598,3816399 ( 236.1% ),446,307 ( 220.9% ),137574844358,10799853,20
104,2023-03-26,38,0.006,45,0.003,3895,0.002,0.136,6531797,1099199 ( 20.2% ),529,83 ( 18.6% ),137581376155,10800382,21
105,2023-03-27,30,0.006,35,0.003,3370,0.002,0.045,1780996,-4750801 ( -72.7% ),152,-377 ( -71.3% ),137583157151,10800534,22
106,2023-03-28,31,0.006,37,0.003,3037,0.002,0.053,1753319,-27677 ( -1.6% ),161,9 ( 5.9% ),137584910470,10800695,25
107,2023-03-29,22,0.004,25,0.002,1898,0.001,0.051,1011000,-742319 ( -42.3% ),97,-64 ( -39.8% ),137585921470,10800792,44
108,2023-03-30,23,0.004,25,0.002,1991,0.001,0.048,973896,-37104 ( -3.7% ),96,-1 ( -1.0% ),137586895366,10800888,42
109,2023-03-31,19,0.003,22,0.001,1684,0.001,0.056,1077998,104102 ( 10.7% ),95,-1 ( -1.0% ),137587973364,10800983,44
110,2023-04-01,19,0.003,22,0.001,1602,0.001,0.114,2055996,977998 ( 90.7% ),182,87 ( 91.6% ),137590029360,10801165,34
111,2023-04-02,25,0.004,28,0.002,2121,0.001,0.128,3266398,1210402 ( 58.9% ),272,90 ( 49.5% ),137593295758,10801437,26
112,2023-04-03,17,0.003,18,0.001,1456,0.001,0.039,611800,-2654598 ( -81.3% ),57,-215 ( -79.0% ),137593907558,10801494,42
113,2023-04-04,18,0.003,20,0.002,1495,0.001,0.052,853198,241398 ( 39.5% ),78,21 ( 36.8% ),137594760756,10801572,38
114,2023-04-05,16,0.003,18,0.001,1156,0.001,0.048,574000,-279198 ( -32.7% ),55,-23 ( -29.5% ),137595334756,10801627,44
115,2023-04-06,17,0.003,19,0.001,1303,0.001,0.059,799000,225000 ( 39.2% ),77,22 ( 40.0% ),137596133756,10801704,40
116,2023-04-07,14,0.003,16,0.001,1108,0.001,0.065,829728,30728 ( 3.8% ),72,-5 ( -6.5% ),137596963484,10801776,42
117,2023-04-08,20,0.003,24,0.001,1615,0.001,0.111,2131000,1301272 ( 156.8% ),179,107 ( 148.6% ),137599094484,10801955,31
118,2023-04-09,20,0.003,25,0.002,1709,0.001,0.142,3033398,902398 ( 42.3% ),243,64 ( 35.8% ),137602127882,10802198,25
119,2023-04-10,13,0.003,17,0.001,1103,0.001,0.06,743198,-2290200 ( -75.5% ),66,-177 ( -72.8% ),137602871080,10802264,38
120,2023-04-11,14,0.003,16,0.001,1098,0.001,0.056,683000,-60198 ( -8.1% ),61,-5 ( -7.6% ),137603554080,10802325,39
121,2023-04-12,5,0.001,5,0.0,442,0.0,0.057,325500,-357500 ( -52.3% ),25,-36 ( -59.0% ),137603879580,10802350,63
122,2023-04-13,4,0.001,6,0.0,327,0.0,0.08,309000,-16500 ( -5.1% ),26,1 ( 4.0% ),137604188580,10802376,73
