,날짜,스크린수,스크린점유율,상영횟수,상영점유율,좌석수,좌석점유율,좌석판매율,매출액,매출액증감(전일대비),관객수,관객수증감(전일대비),누적매출액,누적관객수,순위
0,2014-01-06,5,0.001,8,0.001,2114,0.001,0.904,11882000,11882000 ( 100.0% ),1911,1911 ( 100.0% ),11882000,1911,13
1,2014-01-07,11,0.003,11,0.001,2465,0.001,1.0,14790000,2908000 ( 24.5% ),2465,554 ( 29.0% ),26672000,4376,13
2,2014-01-08,5,0.001,5,0.0,1244,0.001,1.0,7464000,-7326000 ( -49.5% ),1244,-1221 ( -49.5% ),34136000,5620,14
3,2014-01-09,6,0.001,6,0.0,1557,0.001,1.0,9234000,1770000 ( 23.7% ),1557,313 ( 25.2% ),43370000,7177,15
4,2014-01-10,9,0.002,9,0.001,2570,0.001,1.0,15420000,6186000 ( 67.0% ),2570,1013 ( 65.1% ),58790000,9747,14
5,2014-01-11,10,0.002,10,0.001,1902,0.001,1.0,11412000,-4008000 ( -26.0% ),1902,-668 ( -26.0% ),70202000,11649,17
6,2014-01-12,13,0.003,13,0.001,2796,0.001,1.0,16776000,5364000 ( 47.0% ),2796,894 ( 47.0% ),86978000,14445,15
7,2014-01-13,15,0.003,15,0.001,3187,0.001,1.003,20918000,4142000 ( 24.7% ),3196,400 ( 14.3% ),107896000,17641,12
8,2014-01-14,19,0.004,23,0.002,3709,0.002,1.0,24409000,3491000 ( 16.7% ),3709,513 ( 16.1% ),132305000,21350,11
9,2014-01-15,16,0.004,16,0.001,3453,0.002,1.027,22666000,-1743000 ( -7.1% ),3546,-163 ( -4.4% ),154971000,24896,12
10,2014-01-16,13,0.003,13,0.001,2592,0.001,1.069,17791000,-4875000 ( -21.5% ),2772,-774 ( -21.8% ),172762000,27668,13
11,2014-01-17,2,0.0,3,0.0,539,0.0,0.831,2688000,-15103000 ( -84.9% ),448,-2324 ( -83.8% ),175450000,28116,29
12,2014-01-18,8,0.002,8,0.001,1699,0.001,1.0,10382000,7694000 ( 286.2% ),1699,1251 ( 279.2% ),185832000,29815,17
13,2014-01-19,5,0.001,5,0.0,1048,0.0,1.0,6288000,-4094000 ( -39.4% ),1048,-651 ( -38.3% ),192120000,30863,20
14,2014-01-20,2,0.0,2,0.0,319,0.0,0.95,2139000,-4149000 ( -66.0% ),303,-745 ( -71.1% ),194259000,31166,34
15,2014-01-21,1,0.0,2,0.0,228,0.0,1.0,1596000,-543000 ( -25.4% ),228,-75 ( -24.8% ),195855000,31394,37
16,2014-01-22,577,0.153,2672,0.193,525594,0.228,0.272,978767500,977171500 ( 61226.3% ),142843,142615 ( 62550.4% ),1174622500,174237,3
17,2014-01-23,588,0.151,2740,0.196,534715,0.23,0.259,947878000,-30889500 ( -3.2% ),138364,-4479 ( -3.1% ),2122500500,312601,2
18,2014-01-24,613,0.155,2909,0.202,560611,0.234,0.314,1285895000,338017000 ( 35.7% ),175833,37469 ( 27.1% ),3408395500,488434,2
19,2014-01-25,692,0.164,3070,0.204,582858,0.234,0.589,2534235000,1248340000 ( 97.1% ),343558,167725 ( 95.4% ),5942630500,831992,2
20,2014-01-26,685,0.165,2999,0.205,565277,0.233,0.59,2446435500,-87799500 ( -3.5% ),333768,-9790 ( -2.8% ),8389066000,1165760,2
21,2014-01-27,647,0.168,2968,0.211,576294,0.246,0.279,1103389000,-1343046500 ( -54.9% ),160582,-173186 ( -51.9% ),9492455000,1326342,2
22,2014-01-28,651,0.169,3002,0.212,581756,0.247,0.298,1183279500,79890500 ( 7.2% ),173540,12958 ( 8.1% ),10675734500,1499882,2
23,2014-01-29,674,0.161,3078,0.202,622297,0.246,0.428,1748403000,565123500 ( 47.8% ),266619,93079 ( 53.6% ),12424137500,1766501,2
24,2014-01-30,802,0.178,3423,0.217,673080,0.257,0.602,3054836000,1306433000 ( 74.7% ),405341,138722 ( 52.0% ),15478973500,2171842,2
25,2014-01-31,911,0.199,3791,0.24,735178,0.282,0.744,4198105500,1143269500 ( 37.4% ),546819,141478 ( 34.9% ),19677079000,2718661,1
26,2014-02-01,1027,0.215,4236,0.263,812261,0.305,0.81,4934766500,736661000 ( 17.5% ),657756,110937 ( 20.3% ),24611845500,3376417,1
27,2014-02-02,1007,0.214,4122,0.267,797541,0.312,0.707,4186488000,-748278500 ( -15.2% ),563776,-93980 ( -14.3% ),28798333500,3940193,2
28,2014-02-03,762,0.188,3541,0.246,721883,0.302,0.339,1692452000,-2494036000 ( -59.6% ),244977,-318799 ( -56.5% ),30490785500,4185170,1
29,2014-02-04,773,0.19,3533,0.252,719902,0.308,0.259,1282607500,-409844500 ( -24.2% ),186341,-58636 ( -23.9% ),31773393000,4371511,1
30,2014-02-05,773,0.19,3531,0.254,722819,0.311,0.243,1205090500,-77517000 ( -6.0% ),175659,-10682 ( -5.7% ),32978483500,4547170,1
31,2014-02-06,706,0.167,3409,0.239,726324,0.306,0.237,1173343000,-31747500 ( -2.6% ),171828,-3831 ( -2.2% ),34151826500,4718998,1
32,2014-02-07,725,0.171,3571,0.242,755328,0.309,0.273,1505555677,332212677 ( 28.3% ),205910,34082 ( 19.8% ),35657382177,4924908,1
33,2014-02-08,770,0.171,3854,0.247,804713,0.313,0.544,3256341172,1750785495 ( 116.3% ),437996,232086 ( 112.7% ),38913723349,5362904,2
34,2014-02-09,754,0.166,3662,0.243,767585,0.308,0.521,2955234500,-301106672 ( -9.2% ),399953,-38043 ( -8.7% ),41868957849,5762857,2
35,2014-02-10,690,0.169,3435,0.248,729179,0.315,0.179,893920000,-2061314500 ( -69.8% ),130201,-269752 ( -67.4% ),42762877849,5893058,1
36,2014-02-11,716,0.17,3451,0.249,727699,0.315,0.201,997439000,103519000 ( 11.6% ),146074,15873 ( 12.2% ),43760316849,6039132,1
37,2014-02-12,702,0.167,3428,0.245,723482,0.311,0.19,938072000,-59367000 ( -6.0% ),137385,-8689 ( -5.9% ),44698388849,6176517,1
38,2014-02-13,566,0.137,2463,0.173,455531,0.192,0.256,795871000,-142201000 ( -15.2% ),116798,-20587 ( -15.0% ),45494259849,6293315,1
39,2014-02-14,600,0.142,2638,0.179,485598,0.198,0.329,1177065000,381194000 ( 47.9% ),159802,43004 ( 36.8% ),46671324849,6453117,1
40,2014-02-15,673,0.151,2911,0.188,556302,0.217,0.488,2018865000,841800000 ( 71.5% ),271595,111793 ( 70.0% ),48690189849,6724712,2
41,2014-02-16,688,0.154,2848,0.19,546616,0.22,0.457,1844965500,-173899500 ( -8.6% ),249552,-22043 ( -8.1% ),50535155349,6974264,2
42,2014-02-17,607,0.148,2683,0.191,526574,0.225,0.183,663685500,-1181280000 ( -64.0% ),96616,-152936 ( -61.3% ),51198840849,7070880,1
43,2014-02-18,623,0.146,2706,0.191,533260,0.227,0.18,655390500,-8295000 ( -1.2% ),95898,-718 ( -0.7% ),51854231349,7166778,1
44,2014-02-19,604,0.144,2652,0.191,524101,0.227,0.165,591031000,-64359500 ( -9.8% ),86513,-9385 ( -9.8% ),52445262349,7253291,1
45,2014-02-20,480,0.113,2027,0.142,387329,0.163,0.175,460429500,-130601500 ( -22.1% ),67850,-18663 ( -21.6% ),52905691849,7321141,3
46,2014-02-21,450,0.106,2079,0.141,399289,0.163,0.19,557100000,96670500 ( 21.0% ),75861,8011 ( 11.8% ),53462791849,7397002,3
47,2014-02-22,510,0.11,2209,0.143,419629,0.164,0.381,1192439000,635339000 ( 114.0% ),159802,83941 ( 110.7% ),54655230849,7556804,3
48,2014-02-23,483,0.106,2104,0.141,400864,0.162,0.374,1110854500,-81584500 ( -6.8% ),150030,-9772 ( -6.1% ),55766085349,7706834,4
49,2014-02-24,440,0.106,1988,0.14,376447,0.159,0.15,402394900,-708459600 ( -63.8% ),56648,-93382 ( -62.2% ),56168480249,7763482,3
50,2014-02-25,447,0.106,1996,0.141,377749,0.16,0.152,399639700,-2755200 ( -0.7% ),57250,602 ( 1.1% ),56568119949,7820732,3
51,2014-02-26,447,0.104,1988,0.14,372522,0.158,0.168,402594200,2954500 ( 0.7% ),62612,5362 ( 9.4% ),56970714149,7883344,3
52,2014-02-27,364,0.085,1607,0.112,271499,0.113,0.18,336716000,-65878200 ( -16.4% ),48826,-13786 ( -22.0% ),57307430149,7932170,3
53,2014-02-28,367,0.085,1666,0.113,277680,0.112,0.206,425038000,88322000 ( 26.2% ),57228,8402 ( 17.2% ),57732468149,7989398,3
54,2014-03-01,397,0.086,1761,0.114,294424,0.114,0.435,983798500,558760500 ( 131.5% ),128021,70793 ( 123.7% ),58716266649,8117419,3
55,2014-03-02,388,0.085,1686,0.115,281398,0.114,0.324,699266100,-284532400 ( -28.9% ),91250,-36771 ( -28.7% ),59415532749,8208669,3
56,2014-03-03,353,0.089,1569,0.118,262124,0.117,0.085,159794200,-539471900 ( -77.1% ),22210,-69040 ( -75.7% ),59575326949,8230879,3
57,2014-03-04,369,0.091,1565,0.119,260989,0.117,0.089,162839200,3045000 ( 1.9% ),23310,1100 ( 5.0% ),59738166149,8254189,3
58,2014-03-05,362,0.091,1562,0.119,260974,0.118,0.083,153550600,-9288600 ( -5.7% ),21563,-1747 ( -7.5% ),59891716749,8275752,4
59,2014-03-06,336,0.082,1212,0.089,182179,0.078,0.109,139077300,-14473300 ( -9.4% ),19876,-1687 ( -7.8% ),60030794049,8295628,3
60,2014-03-07,342,0.082,1276,0.089,190531,0.079,0.13,188908300,49831000 ( 35.8% ),24768,4892 ( 24.6% ),60219702349,8320396,3
61,2014-03-08,344,0.075,1347,0.087,203829,0.079,0.309,490506400,301598100 ( 159.7% ),62975,38207 ( 154.3% ),60710208749,8383371,3
62,2014-03-09,345,0.076,1282,0.087,194494,0.078,0.295,442510300,-47996100 ( -9.8% ),57433,-5542 ( -8.8% ),61152719049,8440804,3
63,2014-03-10,336,0.084,1219,0.092,183994,0.081,0.092,118939200,-323571100 ( -73.1% ),16959,-40474 ( -70.5% ),61271658249,8457763,3
64,2014-03-11,350,0.086,1204,0.091,181426,0.081,0.084,105688500,-13250700 ( -11.1% ),15175,-1784 ( -10.5% ),61377346749,8472938,3
65,2014-03-12,334,0.082,1201,0.091,182068,0.081,0.089,111788600,6100100 ( 5.8% ),16193,1018 ( 6.7% ),61489135349,8489131,3
66,2014-03-13,277,0.068,730,0.054,99311,0.043,0.103,70370100,-41418500 ( -37.1% ),10194,-5999 ( -37.0% ),61559505449,8499325,6
67,2014-03-14,287,0.07,777,0.054,104920,0.044,0.13,101707600,31337500 ( 44.5% ),13675,3481 ( 34.1% ),61661213049,8513000,6
68,2014-03-15,299,0.067,771,0.051,103163,0.041,0.286,226656700,124949100 ( 122.9% ),29458,15783 ( 115.4% ),61887869749,8542458,5
69,2014-03-16,293,0.067,741,0.051,98527,0.04,0.26,195355300,-31301400 ( -13.8% ),25637,-3821 ( -13.0% ),62083225049,8568095,5
70,2014-03-17,273,0.069,743,0.057,100696,0.045,0.078,54108700,-141246600 ( -72.3% ),7862,-17775 ( -69.3% ),62137333749,8575957,6
71,2014-03-18,267,0.066,722,0.056,97231,0.044,0.084,55762500,1653800 ( 3.1% ),8183,321 ( 4.1% ),62193096249,8584140,6
72,2014-03-19,277,0.068,724,0.056,97792,0.045,0.082,54075300,-1687200 ( -3.0% ),7979,-204 ( -2.5% ),62247171549,8592119,6
73,2014-03-20,192,0.048,372,0.029,49059,0.023,0.081,26826500,-27248800 ( -50.4% ),3977,-4002 ( -50.2% ),62273998049,8596096,8
74,2014-03-21,193,0.047,387,0.029,50942,0.023,0.1,37384200,10557700 ( 39.4% ),5094,1117 ( 28.1% ),62311382249,8601190,8
75,2014-03-22,198,0.043,375,0.026,47737,0.02,0.233,86590900,49206700 ( 131.6% ),11099,6005 ( 117.9% ),62397973149,8612289,8
76,2014-03-23,190,0.042,353,0.026,44862,0.02,0.231,80107800,-6483100 ( -7.5% ),10342,-757 ( -6.8% ),62478080949,8622631,7
77,2014-03-24,178,0.046,350,0.028,47136,0.023,0.071,23101700,-57006100 ( -71.2% ),3345,-6997 ( -67.7% ),62501182649,8625976,8
78,2014-03-25,186,0.046,364,0.029,48126,0.023,0.081,26900000,3798300 ( 16.4% ),3914,569 ( 17.0% ),62528082649,8629890,7
79,2014-03-26,126,0.034,220,0.018,26904,0.013,0.086,15792500,-11107500 ( -41.3% ),2316,-1598 ( -40.8% ),62543875149,8632206,8
80,2014-03-27,94,0.026,164,0.013,19993,0.01,0.098,12893800,-2898700 ( -18.4% ),1968,-348 ( -15.0% ),62556768949,8634174,8
81,2014-03-28,90,0.024,158,0.012,19382,0.009,0.098,14028600,1134800 ( 8.8% ),1890,-78 ( -4.0% ),62570797549,8636064,9
82,2014-03-29,77,0.019,118,0.009,14302,0.006,0.23,25007700,10979100 ( 78.3% ),3291,1401 ( 74.1% ),62595805249,8639355,10
83,2014-03-30,77,0.019,113,0.009,13577,0.006,0.219,22564500,-2443200 ( -9.8% ),2979,-312 ( -9.5% ),62618369749,8642334,10
84,2014-03-31,104,0.03,171,0.014,21455,0.011,0.14,17687900,-4876600 ( -21.6% ),3009,30 ( 1.0% ),62636057649,8645343,6
85,2014-04-01,98,0.027,164,0.014,20498,0.01,0.1,12786500,-4901400 ( -27.7% ),2060,-949 ( -31.5% ),62648844149,8647403,7
86,2014-04-02,83,0.024,133,0.011,16653,0.008,0.073,8114500,-4672000 ( -36.5% ),1217,-843 ( -40.9% ),62656958649,8648620,10
87,2014-04-03,18,0.005,30,0.002,3648,0.002,0.168,2991000,-5123500 ( -63.1% ),612,-605 ( -49.7% ),62659949649,8649232,13
88,2014-04-04,18,0.005,26,0.002,3013,0.001,0.128,2731000,-260000 ( -8.7% ),387,-225 ( -36.8% ),62662680649,8649619,17
89,2014-04-05,13,0.003,22,0.002,2358,0.001,0.148,2823800,92800 ( 3.4% ),350,-37 ( -9.6% ),62665504449,8649969,20
90,2014-04-06,13,0.003,20,0.002,2178,0.001,0.175,3205800,382000 ( 13.5% ),382,32 ( 9.1% ),62668710249,8650351,19
91,2014-04-07,12,0.004,18,0.002,2154,0.001,0.064,1037000,-2168800 ( -67.7% ),138,-244 ( -63.9% ),62669747249,8650489,25
92,2014-04-08,12,0.004,16,0.001,1960,0.001,0.095,1202500,165500 ( 16.0% ),186,48 ( 34.8% ),62670949749,8650675,30
93,2014-04-09,15,0.004,27,0.002,3458,0.002,0.062,1366500,164000 ( 13.6% ),216,30 ( 16.1% ),62672316249,8650891,23
94,2014-04-10,4,0.001,4,0.0,525,0.0,0.211,506000,-860500 ( -63.0% ),111,-105 ( -48.6% ),62672822249,8651002,41
95,2014-04-11,5,0.001,5,0.0,726,0.0,0.117,446500,-59500 ( -11.8% ),85,-26 ( -23.4% ),62673268749,8651087,41
96,2014-04-12,4,0.001,4,0.0,549,0.0,0.069,277000,-169500 ( -38.0% ),38,-47 ( -55.3% ),62673545749,8651125,63
97,2014-04-13,3,0.001,3,0.0,462,0.0,0.048,186000,-91000 ( -32.9% ),22,-16 ( -42.1% ),62673731749,8651147,72
98,2014-04-14,3,0.001,4,0.0,721,0.0,0.058,279500,93500 ( 50.3% ),42,20 ( 90.9% ),62674011249,8651189,50
99,2014-04-15,6,0.002,6,0.0,770,0.0,0.097,423500,144000 ( 51.5% ),75,33 ( 78.6% ),62674434749,8651264,44
100,2014-04-16,5,0.001,5,0.0,739,0.0,0.158,501000,77500 ( 18.3% ),117,42 ( 56.0% ),62674935749,8651381,34
101,2014-04-17,2,0.0,2,0.0,234,0.0,0.103,166000,-335000 ( -66.9% ),24,-93 ( -79.5% ),62675101749,8651405,64
102,2014-04-18,4,0.001,4,0.0,742,0.0,0.257,792000,626000 ( 377.1% ),191,167 ( 695.8% ),62675893749,8651596,33
103,2014-04-19,2,0.0,2,0.0,317,0.0,0.155,241000,-551000 ( -69.6% ),49,-142 ( -74.3% ),62676134749,8651645,49
104,2014-04-20,2,0.0,2,0.0,359,0.0,0.309,580000,339000 ( 140.7% ),111,62 ( 126.5% ),62676714749,8651756,37
105,2014-04-21,1,0.0,1,0.0,100,0.0,0.07,32000,-548000 ( -94.5% ),7,-104 ( -93.7% ),62676746749,8651763,75
106,2014-04-22,4,0.001,4,0.0,570,0.0,0.119,349000,317000 ( 990.6% ),68,61 ( 871.4% ),62677095749,8651831,45
107,2014-04-23,2,0.001,2,0.0,185,0.0,0.481,704000,355000 ( 101.7% ),89,21 ( 30.9% ),62677799749,8651920,39
108,2014-04-24,2,0.001,3,0.0,550,0.0,0.007,24000,-680000 ( -96.6% ),4,-85 ( -95.5% ),62677823749,8651924,97
109,2014-04-25,1,0.0,1,0.0,100,0.0,0.06,38000,14000 ( 58.3% ),6,2 ( 50.0% ),62677861749,8651930,80
110,2014-04-27,1,0.0,1,0.0,230,0.0,0.057,81000,81000 ( 100.0% ),13,13 ( 100.0% ),62677942749,8651943,67
111,2014-04-28,1,0.0,1,0.0,230,0.0,0.013,20000,-61000 ( -75.3% ),3,-10 ( -76.9% ),62677962749,8651946,77
112,2014-04-30,2,0.001,2,0.0,413,0.0,0.31,520000,520000 ( 100.0% ),128,128 ( 100.0% ),62678482749,8652074,36
113,2014-05-01,2,0.001,2,0.0,343,0.0,0.015,28000,-492000 ( -94.6% ),5,-123 ( -96.1% ),62678510749,8652079,68
114,2014-05-04,1,0.0,1,0.0,230,0.0,0.043,60000,60000 ( 100.0% ),10,10 ( 100.0% ),62678570749,8652089,59
115,2014-05-05,2,0.0,4,0.0,1010,0.0,0.199,486000,426000 ( 710.0% ),201,191 ( 1910.0% ),62679056749,8652290,27
116,2014-05-06,2,0.0,4,0.0,1010,0.0,0.157,384000,-102000 ( -21.0% ),159,-42 ( -20.9% ),62679440749,8652449,27
117,2014-05-07,1,0.0,3,0.0,780,0.0,0.087,136000,-248000 ( -64.6% ),68,-91 ( -57.2% ),62679576749,8652517,34
118,2014-05-08,3,0.001,5,0.0,1250,0.001,0.219,918000,782000 ( 575.0% ),274,206 ( 302.9% ),62680494749,8652791,20
119,2014-05-09,3,0.001,5,0.0,1135,0.001,0.167,630000,-288000 ( -31.4% ),189,-85 ( -31.0% ),62681124749,8652980,21
120,2014-05-10,2,0.001,4,0.0,1010,0.0,0.139,314000,-316000 ( -50.2% ),140,-49 ( -25.9% ),62681438749,8653120,26
121,2014-05-12,1,0.0,1,0.0,230,0.0,0.004,4000,4000 ( 100.0% ),1,1 ( 100.0% ),62681442749,8653121,78
122,2014-05-13,1,0.0,1,0.0,230,0.0,0.004,4000,0 ( 0.0% ),1,0 ( 0.0% ),62681446749,8653122,91
123,2014-05-15,1,0.0,1,0.0,186,0.0,0.93,1384000,1384000 ( 100.0% ),173,173 ( 100.0% ),62682830749,8653295,28
124,2014-05-18,1,0.0,1,0.0,230,0.0,0.022,39000,39000 ( 100.0% ),5,5 ( 100.0% ),62682869749,8653300,69
125,2014-05-19,1,0.0,1,0.0,230,0.0,0.013,16000,-23000 ( -59.0% ),3,-2 ( -40.0% ),62682885749,8653303,60
126,2014-05-20,1,0.0,1,0.0,230,0.0,0.009,16000,0 ( 0.0% ),2,-1 ( -33.3% ),62682901749,8653305,73
127,2014-05-28,1,0.0,1,0.0,110,0.0,0.8,386000,386000 ( 100.0% ),88,88 ( 100.0% ),62683287749,8653393,42
128,2014-06-18,2,0.001,3,0.0,598,0.0,0.552,1380000,1380000 ( 100.0% ),330,330 ( 100.0% ),62684667749,8653723,22
129,2014-06-19,1,0.0,1,0.0,290,0.0,0.69,1000000,-380000 ( -27.5% ),200,-130 ( -39.4% ),62685667749,8653923,32
130,2014-06-24,4,0.001,4,0.0,742,0.0,0.91,3076500,3076500 ( 100.0% ),675,675 ( 100.0% ),62688744249,8654598,20
131,2014-06-25,4,0.001,5,0.0,977,0.0,0.737,2956000,-120500 ( -3.9% ),720,45 ( 6.7% ),62691700249,8655318,15
132,2014-06-27,1,0.0,1,0.0,108,0.0,0.389,177000,177000 ( 100.0% ),42,42 ( 100.0% ),62691877249,8655360,53
133,2014-07-08,5,0.001,5,0.0,827,0.0,0.653,2700000,2700000 ( 100.0% ),540,540 ( 100.0% ),62694577249,8655900,18
134,2014-07-15,1,0.0,1,0.0,76,0.0,0.013,8000,8000 ( 100.0% ),1,1 ( 100.0% ),62694585249,8655901,84
135,2014-07-21,2,0.001,2,0.0,211,0.0,0.891,752000,752000 ( 100.0% ),188,188 ( 100.0% ),62695337249,8656089,40
136,2014-07-22,1,0.0,2,0.0,368,0.0,0.19,350000,-402000 ( -53.5% ),70,-118 ( -62.8% ),62695687249,8656159,56
137,2014-07-25,3,0.001,3,0.0,426,0.0,0.559,952000,952000 ( 100.0% ),238,238 ( 100.0% ),62696639249,8656397,30
138,2014-08-25,1,0.0,1,0.0,234,0.0,0.556,780000,780000 ( 100.0% ),130,130 ( 100.0% ),62697419249,8656527,46
139,2014-09-17,1,0.0,1,0.0,212,0.0,0.0,0,0 ( 0.0% ),0,0 ( 0.0% ),62697419249,8656527,87
140,2014-09-23,2,0.0,2,0.0,555,0.0,0.715,3176000,3176000 ( 100.0% ),397,397 ( 100.0% ),62700595249,8656924,22
141,2014-09-24,2,0.0,2,0.0,762,0.0,0.003,10000,-3166000 ( -99.7% ),2,-395 ( -99.5% ),62700605249,8656926,106
142,2014-10-07,1,0.0,1,0.0,140,0.0,0.743,416000,416000 ( 100.0% ),104,104 ( 100.0% ),62701021249,8657030,42
143,2014-10-16,1,0.0,1,0.0,306,0.0,0.0,0,0 ( 0.0% ),0,0 ( 0.0% ),62701021249,8657030,85
144,2014-11-08,1,0.0,3,0.0,849,0.0,0.147,250000,250000 ( 100.0% ),125,125 ( 100.0% ),62701271249,8657155,37
145,2014-11-09,1,0.0,3,0.0,849,0.0,0.102,177000,-73000 ( -29.2% ),87,-38 ( -30.4% ),62701448249,8657242,43
146,2014-11-10,1,0.0,3,0.0,849,0.0,0.077,130000,-47000 ( -26.6% ),65,-22 ( -25.3% ),62701578249,8657307,45
147,2014-11-11,1,0.0,3,0.0,849,0.0,0.084,142000,12000 ( 9.2% ),71,6 ( 9.2% ),62701720249,8657378,52
148,2014-11-12,1,0.0,3,0.0,849,0.0,0.066,112000,-30000 ( -21.1% ),56,-15 ( -21.1% ),62701832249,8657434,57
149,2014-12-02,1,0.0,1,0.0,222,0.0,1.0,1332000,1332000 ( 100.0% ),222,222 ( 100.0% ),62703164249,8657656,26
150,2014-12-05,1,0.0,1,0.0,326,0.0,1.0,2184000,2184000 ( 100.0% ),326,326 ( 100.0% ),62705348249,8657982,24
151,2015-03-26,1,0.0,1,0.0,37,0.0,1.0,296000,296000 ( 100.0% ),37,37 ( 100.0% ),62705644249,8658019,47
152,2015-04-01,1,0.0,1,0.0,168,0.0,1.0,1176000,1176000 ( 100.0% ),168,168 ( 100.0% ),62706820249,8658187,33
153,2015-04-03,1,0.0,1,0.0,168,0.0,1.0,1176000,1176000 ( 100.0% ),168,168 ( 100.0% ),62707996249,8658355,31
154,2015-04-06,1,0.0,1,0.0,168,0.0,1.0,1176000,1176000 ( 100.0% ),168,168 ( 100.0% ),62709172249,8658523,29
155,2015-04-08,1,0.0,1,0.0,168,0.0,1.0,1176000,1176000 ( 100.0% ),168,168 ( 100.0% ),62710348249,8658691,31
156,2015-05-10,2,0.0,2,0.0,601,0.0,0.0,0,0 ( 0.0% ),0,0 ( 0.0% ),62710348249,8658691,92
157,2015-08-05,1,0.0,1,0.0,105,0.0,0.257,54000,54000 ( 100.0% ),27,27 ( 100.0% ),62710402249,8658718,50
158,2015-10-24,1,0.0,1,0.0,173,0.0,0.468,472600,472600 ( 100.0% ),81,81 ( 100.0% ),62710874849,8658799,50
159,2015-11-06,1,0.0,1,0.0,153,0.0,0.007,6000,6000 ( 100.0% ),1,1 ( 100.0% ),62710880849,8658800,94
160,2016-05-02,1,0.0,1,0.0,298,0.0,1.0,1192000,1192000 ( 100.0% ),298,298 ( 100.0% ),62712072849,8659098,23
161,2016-12-07,1,0.0,1,0.0,242,0.0,1.0,1936000,1936000 ( 100.0% ),242,242 ( 100.0% ),62714008849,8659340,23
162,2017-05-19,1,0.0,1,0.0,123,0.0,0.634,390000,390000 ( 100.0% ),78,78 ( 100.0% ),62714398849,8659418,52
163,2017-05-22,1,0.0,1,0.0,123,0.0,0.634,390000,390000 ( 100.0% ),78,78 ( 100.0% ),62714788849,8659496,45
164,2017-05-25,1,0.0,1,0.0,123,0.0,0.634,390000,390000 ( 100.0% ),78,78 ( 100.0% ),62715178849,8659574,59
165,2017-07-12,1,0.0,1,0.0,99,0.0,0.051,34000,34000 ( 100.0% ),5,5 ( 100.0% ),62715212849,8659579,85
166,2017-07-17,1,0.0,1,0.0,99,0.0,0.02,11000,11000 ( 100.0% ),2,2 ( 100.0% ),62715223849,8659581,87
167,2017-09-19,1,0.0,1,0.0,144,0.0,1.0,723000,723000 ( 100.0% ),144,144 ( 100.0% ),62715946849,8659725,49
168,2018-10-26,1,0.0,1,0.0,40,0.0,0.75,150000,150000 ( 100.0% ),30,30 ( 100.0% ),62716096849,8659755,83
169,2019-04-18,1,0.0,1,0.0,57,0.0,0.702,200000,200000 ( 100.0% ),40,40 ( 100.0% ),62716296849,8659795,71
170,2019-06-19,1,0.0,1,0.0,99,0.0,0.848,420000,420000 ( 100.0% ),84,84 ( 100.0% ),62716716849,8659879,47
171,2019-06-20,1,0.0,1,0.0,99,0.0,0.778,385000,-35000 ( -8.3% ),77,-7 ( -8.3% ),62717101849,8659956,50
172,2019-09-28,1,0.0,1,0.0,87,0.0,0.575,250000,250000 ( 100.0% ),50,50 ( 100.0% ),62717351849,8660006,67
173,2019-10-15,2,0.0,2,0.0,386,0.0,0.648,1250000,1250000 ( 100.0% ),250,250 ( 100.0% ),62718601849,8660256,31
174,2019-11-05,1,0.0,1,0.0,99,0.0,0.455,234000,234000 ( 100.0% ),45,45 ( 100.0% ),62718835849,8660301,74
175,2019-11-08,1,0.0,1,0.0,170,0.0,0.0,0,0 ( 0.0% ),0,0 ( 0.0% ),62718835849,8660301,158
176,2019-11-09,1,0.0,1,0.0,170,0.0,0.471,400000,400000 ( 100.0% ),80,80 ( 100.0% ),62719235849,8660381,47
177,2019-11-15,2,0.0,2,0.0,153,0.0,0.686,589000,589000 ( 100.0% ),105,105 ( 100.0% ),62719824849,8660486,57
178,2019-11-22,1,0.0,1,0.0,99,0.0,0.444,225000,225000 ( 100.0% ),44,44 ( 100.0% ),62720049849,8660530,65
179,2019-12-02,1,0.0,1,0.0,167,0.0,0.557,465000,465000 ( 100.0% ),93,93 ( 100.0% ),62720514849,8660623,56
180,2021-04-05,1,0.0,1,0.0,56,0.0,0.5,308000,308000 ( 100.0% ),28,28 ( 100.0% ),62720822849,8660651,53
181,2022-08-04,1,0.0,1,0.0,49,0.0,1.0,294000,294000 ( 100.0% ),49,49 ( 100.0% ),62721116849,8660700,37
182,2022-08-08,1,0.0,1,0.0,76,0.0,0.789,300000,300000 ( 100.0% ),60,60 ( 100.0% ),62721416849,8660760,26
183,2023-03-17,1,0.0,1,0.0,89,0.0,0.461,205000,205000 ( 100.0% ),41,41 ( 100.0% ),62721621849,8660801,44
