,날짜,스크린수,스크린점유율,상영횟수,상영점유율,좌석수,좌석점유율,좌석판매율,매출액,매출액증감(전일대비),관객수,관객수증감(전일대비),누적매출액,누적관객수,순위
0,2022-06-09,2,0.0,2,0.0,1252,0.001,1.0,18952000,18952000 ( 100.0% ),1252,1252 ( 100.0% ),18952000,1252,7
1,2022-06-11,2,0.0,7,0.0,2990,0.001,0.736,26590000,26590000 ( 100.0% ),2200,2200 ( 100.0% ),45542000,3452,7
2,2022-06-12,8,0.002,9,0.0,3865,0.001,0.544,27706400,1116400 ( 4.2% ),2104,-96 ( -4.4% ),73248400,5556,7
3,2022-06-16,3,0.001,3,0.0,1061,0.0,0.972,12370000,12370000 ( 100.0% ),1031,1031 ( 100.0% ),85618400,6587,7
4,2022-06-17,1,0.0,1,0.0,290,0.0,1.0,5220000,-7150000 ( -57.8% ),290,-741 ( -71.9% ),90838400,6877,21
5,2022-06-18,418,0.065,420,0.022,74648,0.027,0.342,285991050,280771050 ( 5378.8% ),25530,25240 ( 8703.4% ),376829450,32407,6
6,2022-06-19,424,0.067,427,0.023,76400,0.029,0.423,364059380,78068330 ( 27.3% ),32297,6767 ( 26.5% ),740888830,64704,6
7,2022-06-20,1,0.0,1,0.0,462,0.0,0.0,0,-364059380 ( -100.0% ),0,-32297 ( -100.0% ),740888830,64704,111
8,2022-06-22,1975,0.381,9158,0.533,1508016,0.604,0.125,1976049530,1976049530 ( 100.0% ),188312,188312 ( 100.0% ),2716938360,253016,1
9,2022-06-23,1926,0.357,8720,0.512,1446643,0.586,0.101,1546459190,-429590340 ( -21.7% ),146105,-42207 ( -22.4% ),4263397550,399121,1
10,2022-06-24,1941,0.356,8948,0.505,1487057,0.58,0.145,2401575760,855116570 ( 55.3% ),216163,70058 ( 48.0% ),6664973310,615284,1
11,2022-06-25,1858,0.322,8907,0.476,1479025,0.549,0.319,5192321350,2790745590 ( 116.2% ),472306,256143 ( 118.5% ),11857294660,1087590,1
12,2022-06-26,1844,0.322,8589,0.472,1427305,0.545,0.307,4789763620,-402557730 ( -7.8% ),438673,-33633 ( -7.1% ),16647058280,1526263,1
13,2022-06-27,1722,0.344,7988,0.481,1339714,0.552,0.117,1654213940,-3135549680 ( -65.5% ),156222,-282451 ( -64.4% ),18301272220,1682485,1
14,2022-06-28,1735,0.339,7945,0.478,1333389,0.551,0.11,1554558540,-99655400 ( -6.0% ),146871,-9351 ( -6.0% ),19855830760,1829356,1
15,2022-06-29,1325,0.257,5680,0.336,932324,0.38,0.223,1830630070,276071530 ( 17.8% ),208178,61307 ( 41.7% ),21686460830,2037534,1
16,2022-06-30,1355,0.256,5775,0.343,949682,0.389,0.154,1537625670,-293004400 ( -16.0% ),146232,-61946 ( -29.8% ),23224086500,2183766,1
17,2022-07-01,1452,0.27,6302,0.363,1039165,0.413,0.217,2514771670,977146000 ( 63.5% ),225695,79463 ( 54.3% ),25738858170,2409461,1
18,2022-07-02,1612,0.278,7224,0.396,1188247,0.452,0.404,5294345740,2779574070 ( 110.5% ),480279,254584 ( 112.8% ),31033203910,2889740,1
19,2022-07-03,1622,0.282,7146,0.402,1176149,0.459,0.373,4795769500,-498576240 ( -9.4% ),439247,-41032 ( -8.5% ),35828973410,3328987,1
20,2022-07-04,1459,0.294,6568,0.404,1091432,0.46,0.139,1657252790,-3138516710 ( -65.4% ),151678,-287569 ( -65.5% ),37486226200,3480665,1
21,2022-07-05,1495,0.293,6621,0.402,1095423,0.456,0.153,1840848870,183596080 ( 11.1% ),167795,16117 ( 10.6% ),39327075070,3648460,1
22,2022-07-06,961,0.177,3516,0.192,462768,0.174,0.217,1009403610,-831445260 ( -45.2% ),100506,-67289 ( -40.1% ),40336478680,3748966,2
23,2022-07-07,1013,0.185,3805,0.21,498478,0.189,0.201,1023016240,13612630 ( 1.3% ),100355,-151 ( -0.2% ),41359494920,3849321,2
24,2022-07-08,1112,0.2,4198,0.226,550835,0.204,0.269,1578819190,555802950 ( 54.3% ),148220,47865 ( 47.7% ),42938314110,3997541,2
25,2022-07-09,1275,0.215,4922,0.254,661712,0.235,0.507,3572266360,1993447170 ( 126.3% ),335571,187351 ( 126.4% ),46510580470,4333112,2
26,2022-07-10,1329,0.224,5000,0.265,673636,0.246,0.476,3391502180,-180764180 ( -5.1% ),320403,-15168 ( -4.5% ),49902082650,4653515,2
27,2022-07-11,1222,0.239,4869,0.287,698569,0.28,0.144,1028077520,-2363424660 ( -69.7% ),100604,-219799 ( -68.6% ),50930160170,4754119,2
28,2022-07-12,1231,0.232,4886,0.29,701346,0.285,0.128,918166360,-109911160 ( -10.7% ),89811,-10793 ( -10.7% ),51848326530,4843930,1
29,2022-07-13,1378,0.215,5081,0.294,800237,0.316,0.118,972731260,54564900 ( 5.9% ),94448,4637 ( 5.2% ),52821057790,4938378,1
30,2022-07-14,1412,0.219,5241,0.305,830510,0.332,0.112,969705220,-3026040 ( -0.3% ),93103,-1345 ( -1.4% ),53790763010,5031481,1
31,2022-07-15,1478,0.224,5642,0.317,891884,0.345,0.157,1521006830,551301610 ( 56.9% ),139681,46578 ( 50.0% ),55311769840,5171162,1
32,2022-07-16,1532,0.221,6271,0.331,1003006,0.366,0.294,3207882910,1686876080 ( 110.9% ),295385,155704 ( 111.5% ),58519652750,5466547,1
33,2022-07-17,1544,0.227,6153,0.332,988805,0.37,0.27,2885439880,-322443030 ( -10.1% ),267265,-28120 ( -9.5% ),61405092630,5733812,1
34,2022-07-18,1395,0.225,5503,0.329,907014,0.37,0.104,977934330,-1907505550 ( -66.1% ),93954,-173311 ( -64.8% ),62383026960,5827766,1
35,2022-07-19,1406,0.222,5517,0.327,908628,0.369,0.11,1041221737,63287407 ( 6.5% ),100087,6133 ( 6.5% ),63424248697,5927853,1
36,2022-07-20,721,0.122,2222,0.121,301343,0.114,0.204,625659153,-415562584 ( -39.9% ),61324,-38763 ( -38.7% ),64049907850,5989177,3
37,2022-07-21,867,0.136,2485,0.135,342301,0.13,0.188,656455952,30796799 ( 4.9% ),64224,2900 ( 4.7% ),64706363802,6053401,3
38,2022-07-22,957,0.149,2775,0.147,391639,0.144,0.225,948453156,291997204 ( 44.5% ),88200,23976 ( 37.3% ),65654816958,6141601,3
39,2022-07-23,1096,0.167,3276,0.164,470094,0.164,0.386,1965985873,1017532717 ( 107.3% ),181301,93101 ( 105.6% ),67620802831,6322902,3
40,2022-07-24,1115,0.171,3293,0.169,479070,0.171,0.374,1931101117,-34884756 ( -1.8% ),178993,-2308 ( -1.3% ),69551903948,6501895,3
41,2022-07-25,981,0.165,3221,0.178,487767,0.186,0.147,735155225,-1195945892 ( -61.9% ),71504,-107489 ( -60.1% ),70287059173,6573399,3
42,2022-07-26,990,0.165,3254,0.181,489846,0.188,0.139,703597524,-31557701 ( -4.3% ),68261,-3243 ( -4.5% ),70990656697,6641660,3
43,2022-07-27,734,0.128,1830,0.096,228684,0.084,0.279,535804184,-167793340 ( -23.8% ),63705,-4556 ( -6.7% ),71526460881,6705365,3
44,2022-07-28,773,0.121,1836,0.095,233644,0.084,0.203,486427798,-49376386 ( -9.2% ),47328,-16377 ( -25.7% ),72012888679,6752693,3
45,2022-07-29,828,0.126,1984,0.1,255681,0.09,0.255,708943458,222515660 ( 45.7% ),65322,17994 ( 38.0% ),72721832137,6818015,3
46,2022-07-30,867,0.129,2045,0.1,269101,0.092,0.442,1305306904,596363446 ( 84.1% ),118984,53662 ( 82.1% ),74027139041,6936999,3
47,2022-07-31,872,0.13,2054,0.102,269403,0.093,0.417,1224926845,-80380059 ( -6.2% ),112357,-6627 ( -5.6% ),75252065886,7049356,3
48,2022-08-01,797,0.129,2038,0.105,266619,0.096,0.268,731076809,-493850036 ( -40.3% ),71491,-40866 ( -36.4% ),75983142695,7120847,3
49,2022-08-02,802,0.129,2072,0.107,269288,0.097,0.247,678686098,-52390711 ( -7.2% ),66646,-4845 ( -6.8% ),76661828793,7187493,3
50,2022-08-03,556,0.086,1117,0.059,135642,0.05,0.272,382986625,-295699473 ( -43.6% ),36847,-29799 ( -44.7% ),77044815418,7224340,4
51,2022-08-04,573,0.087,1149,0.06,138671,0.051,0.249,356183309,-26803316 ( -7.0% ),34520,-2327 ( -6.3% ),77400998727,7258860,4
52,2022-08-05,605,0.091,1238,0.064,153487,0.056,0.306,504483247,148299938 ( 41.6% ),46942,12422 ( 36.0% ),77905481974,7305802,3
53,2022-08-06,631,0.092,1310,0.067,168801,0.06,0.44,813816500,309333253 ( 61.3% ),74350,27408 ( 58.4% ),78719298474,7380152,3
54,2022-08-07,632,0.094,1304,0.068,165466,0.06,0.415,747974164,-65842336 ( -8.1% ),68709,-5641 ( -7.6% ),79467272638,7448861,3
55,2022-08-08,606,0.098,1305,0.073,162037,0.063,0.178,298469754,-449504410 ( -60.1% ),28818,-39891 ( -58.1% ),79765742392,7477679,3
56,2022-08-09,608,0.098,1296,0.074,160868,0.063,0.156,260597689,-37872065 ( -12.7% ),25120,-3698 ( -12.8% ),80026340081,7502799,3
57,2022-08-10,500,0.079,857,0.046,108282,0.04,0.166,187909054,-72688635 ( -27.9% ),17929,-7191 ( -28.6% ),80214249135,7520728,5
58,2022-08-11,506,0.077,870,0.047,114047,0.042,0.176,225338265,37429211 ( 19.9% ),20024,2095 ( 11.7% ),80439587400,7540752,4
59,2022-08-12,550,0.082,1007,0.053,133520,0.048,0.204,323893342,98555077 ( 43.7% ),27272,7248 ( 36.2% ),80763480742,7568024,4
60,2022-08-13,567,0.081,1088,0.055,143363,0.05,0.321,515799816,191906474 ( 59.2% ),45980,18708 ( 68.6% ),81279280558,7614004,4
61,2022-08-14,575,0.082,1081,0.055,140694,0.05,0.383,599304553,83504737 ( 16.2% ),53850,7870 ( 17.1% ),81878585111,7667854,4
62,2022-08-15,562,0.082,1066,0.056,134660,0.049,0.34,503732555,-95571998 ( -15.9% ),45782,-8068 ( -15.0% ),82382317666,7713636,4
63,2022-08-16,562,0.088,1081,0.061,146940,0.057,0.134,226799906,-276932649 ( -55.0% ),19655,-26127 ( -57.1% ),82609117572,7733291,4
64,2022-08-17,472,0.078,872,0.049,111999,0.043,0.167,201833113,-24966793 ( -11.0% ),18653,-1002 ( -5.1% ),82810950685,7751944,4
65,2022-08-18,471,0.076,917,0.052,117485,0.046,0.146,186604651,-15228462 ( -7.5% ),17163,-1490 ( -8.0% ),82997555336,7769107,4
66,2022-08-19,497,0.079,986,0.055,128951,0.05,0.157,235107667,48503016 ( 26.0% ),20302,3139 ( 18.3% ),83232663003,7789409,4
67,2022-08-20,537,0.079,1043,0.055,132443,0.048,0.303,460645399,225537732 ( 95.9% ),40155,19853 ( 97.8% ),83693308402,7829564,4
68,2022-08-21,539,0.08,1019,0.056,128150,0.049,0.283,410161058,-50484341 ( -11.0% ),36237,-3918 ( -9.8% ),84103469460,7865801,4
69,2022-08-22,499,0.087,1046,0.063,139190,0.057,0.104,156119343,-254041715 ( -61.9% ),14487,-21750 ( -60.0% ),84259588803,7880288,4
70,2022-08-23,507,0.087,1050,0.063,140914,0.058,0.1,151151585,-4967758 ( -3.2% ),14079,-408 ( -2.8% ),84410740388,7894367,4
71,2022-08-24,371,0.063,638,0.036,83347,0.033,0.114,103361273,-47790312 ( -31.6% ),9460,-4619 ( -32.8% ),84514101661,7903827,6
72,2022-08-25,397,0.065,699,0.041,95024,0.038,0.101,105674415,2313142 ( 2.2% ),9601,141 ( 1.5% ),84619776076,7913428,5
73,2022-08-26,415,0.067,751,0.043,104458,0.041,0.121,148508716,42834301 ( 40.5% ),12620,3019 ( 31.4% ),84768284792,7926048,5
74,2022-08-27,423,0.064,795,0.042,106070,0.039,0.24,294039868,145531152 ( 98.0% ),25450,12830 ( 101.7% ),85062324660,7951498,4
75,2022-08-28,423,0.064,785,0.043,103604,0.039,0.217,257678609,-36361259 ( -12.4% ),22492,-2958 ( -11.6% ),85320003269,7973990,4
76,2022-08-29,423,0.074,773,0.048,105680,0.045,0.078,89502497,-168176112 ( -65.3% ),8245,-14247 ( -63.3% ),85409505766,7982235,4
77,2022-08-30,413,0.07,769,0.048,104446,0.044,0.076,84935796,-4566701 ( -5.1% ),7911,-334 ( -4.1% ),85494441562,7990146,4
78,2022-08-31,418,0.07,942,0.054,160847,0.063,0.088,146740396,61804600 ( 72.8% ),14196,6285 ( 79.4% ),85641181958,8004342,5
79,2022-09-01,379,0.068,803,0.05,138419,0.059,0.054,92445796,-54294600 ( -37.0% ),7489,-6707 ( -47.2% ),85733627754,8011831,5
80,2022-09-02,402,0.07,869,0.052,147203,0.06,0.07,134946371,42500575 ( 46.0% ),10325,2836 ( 37.9% ),85868574125,8022156,4
81,2022-09-03,437,0.066,932,0.05,152142,0.056,0.15,294678208,159731837 ( 118.4% ),22827,12502 ( 121.1% ),86163252333,8044983,4
82,2022-09-04,435,0.067,933,0.051,150710,0.057,0.139,262762975,-31915233 ( -10.8% ),20888,-1939 ( -8.5% ),86426015308,8065871,4
83,2022-09-05,405,0.08,789,0.059,132782,0.066,0.042,68226058,-194536917 ( -74.0% ),5550,-15338 ( -73.4% ),86494241366,8071421,4
84,2022-09-06,409,0.077,824,0.06,136693,0.067,0.053,84893681,16667623 ( 24.4% ),7177,1627 ( 29.3% ),86579135047,8078598,4
85,2022-09-07,104,0.02,226,0.013,52216,0.021,0.066,48117358,-36776323 ( -43.3% ),3433,-3744 ( -52.2% ),86627252405,8082031,7
86,2022-09-08,98,0.016,227,0.013,53702,0.021,0.089,65835092,17717734 ( 36.8% ),4770,1337 ( 38.9% ),86693087497,8086801,7
87,2022-09-09,103,0.015,249,0.013,57343,0.021,0.193,149656921,83821829 ( 127.3% ),11078,6308 ( 132.2% ),86842744418,8097879,7
88,2022-09-10,108,0.016,257,0.013,58752,0.021,0.251,200445592,50788671 ( 33.9% ),14762,3684 ( 33.3% ),87043190010,8112641,5
89,2022-09-11,111,0.016,268,0.014,59227,0.021,0.232,180054374,-20391218 ( -10.2% ),13714,-1048 ( -7.1% ),87223244384,8126355,6
90,2022-09-12,107,0.016,255,0.014,56756,0.021,0.184,142073853,-37980521 ( -21.1% ),10437,-3277 ( -23.9% ),87365318237,8136792,8
91,2022-09-13,102,0.018,240,0.015,55706,0.023,0.064,49319699,-92754154 ( -65.3% ),3575,-6862 ( -65.7% ),87414637936,8140367,6
92,2022-09-14,60,0.011,84,0.005,10296,0.004,0.067,6600356,-42719343 ( -86.6% ),686,-2889 ( -80.8% ),87421238292,8141053,13
93,2022-09-15,53,0.009,77,0.005,9213,0.004,0.066,6149399,-450957 ( -6.8% ),609,-77 ( -11.2% ),87427387691,8141662,18
94,2022-09-16,69,0.012,191,0.012,48213,0.02,0.07,48798699,42649300 ( 693.6% ),3375,2766 ( 454.2% ),87476186390,8145037,4
95,2022-09-17,78,0.012,206,0.011,50430,0.019,0.115,82800075,34001376 ( 69.7% ),5786,2411 ( 71.4% ),87558986465,8150823,5
96,2022-09-18,81,0.012,205,0.012,50825,0.02,0.108,78472974,-4327101 ( -5.2% ),5489,-297 ( -5.1% ),87637459439,8156312,5
97,2022-09-19,52,0.01,86,0.006,10960,0.005,0.056,6544498,-71928476 ( -91.7% ),611,-4878 ( -88.9% ),87644003937,8156923,14
98,2022-09-20,52,0.01,79,0.005,9356,0.004,0.06,5827098,-717400 ( -11.0% ),563,-48 ( -7.9% ),87649831035,8157486,13
99,2022-09-21,36,0.007,48,0.003,5334,0.002,0.069,3754699,-2072399 ( -35.6% ),366,-197 ( -35.0% ),87653585734,8157852,19
100,2022-09-22,41,0.008,49,0.003,5390,0.002,0.056,3039797,-714902 ( -19.0% ),302,-64 ( -17.5% ),87656625531,8158154,26
101,2022-09-23,40,0.008,54,0.003,6105,0.003,0.076,4906499,1866702 ( 61.4% ),464,162 ( 53.6% ),87661532030,8158618,17
102,2022-09-24,42,0.006,56,0.003,6096,0.002,0.138,9000396,4093897 ( 83.4% ),843,379 ( 81.7% ),87670532426,8159461,14
103,2022-09-25,42,0.006,55,0.003,5945,0.002,0.117,7354795,-1645601 ( -18.3% ),693,-150 ( -17.8% ),87677887221,8160154,14
104,2022-09-26,37,0.008,54,0.004,6139,0.003,0.047,2852299,-4502496 ( -61.2% ),289,-404 ( -58.3% ),87680739520,8160443,23
105,2022-09-27,42,0.009,62,0.004,6728,0.003,0.055,3811799,959500 ( 33.6% ),371,82 ( 28.4% ),87684551319,8160814,17
106,2022-09-28,26,0.004,28,0.002,2525,0.001,0.103,2140098,-1671701 ( -43.9% ),259,-112 ( -30.2% ),87686691417,8161073,25
107,2022-09-29,25,0.004,27,0.002,2460,0.001,0.113,2501600,361502 ( 16.9% ),278,19 ( 7.3% ),87689193017,8161351,21
108,2022-09-30,25,0.004,29,0.002,2863,0.001,0.132,3813099,1311499 ( 52.4% ),379,101 ( 36.3% ),87693006116,8161730,15
109,2022-10-01,24,0.004,29,0.002,2605,0.001,0.157,4386100,573001 ( 15.0% ),410,31 ( 8.2% ),87697392216,8162140,17
110,2022-10-02,28,0.004,33,0.002,2894,0.001,0.212,6641198,2255098 ( 51.4% ),613,203 ( 49.5% ),87704033414,8162753,11
111,2022-10-03,27,0.004,32,0.002,3301,0.001,0.255,8574296,1933098 ( 29.1% ),841,228 ( 37.2% ),87712607710,8163594,11
112,2022-10-04,23,0.004,28,0.002,2458,0.001,0.077,1679999,-6894297 ( -80.4% ),189,-652 ( -77.5% ),87714287709,8163783,18
113,2022-10-05,14,0.002,20,0.001,2222,0.001,0.075,1613500,-66499 ( -4.0% ),166,-23 ( -12.2% ),87715901209,8163949,28
114,2022-10-06,10,0.002,13,0.001,2233,0.001,0.06,1201098,-412402 ( -25.6% ),134,-32 ( -19.3% ),87717102307,8164083,33
115,2022-10-07,13,0.002,17,0.001,2641,0.001,0.17,3670398,2469300 ( 205.6% ),450,316 ( 235.8% ),87720772705,8164533,21
116,2022-10-08,15,0.002,20,0.001,2342,0.001,0.138,3477300,-193098 ( -5.3% ),324,-126 ( -28.0% ),87724250005,8164857,27
117,2022-10-09,13,0.002,18,0.001,2261,0.001,0.191,4484200,1006900 ( 29.0% ),431,107 ( 33.0% ),87728734205,8165288,24
118,2022-10-10,12,0.002,15,0.001,1582,0.001,0.203,3254398,-1229802 ( -27.4% ),321,-110 ( -25.5% ),87731988603,8165609,26
119,2022-10-11,10,0.002,12,0.001,1320,0.001,0.054,752999,-2501399 ( -76.9% ),71,-250 ( -77.9% ),87732741602,8165680,39
120,2022-10-12,8,0.001,8,0.001,785,0.0,0.113,815598,62599 ( 8.3% ),89,18 ( 25.4% ),87733557200,8165769,39
121,2022-10-13,9,0.001,9,0.001,1000,0.0,0.036,370000,-445598 ( -54.6% ),36,-53 ( -59.6% ),87733927200,8165805,70
122,2022-10-14,8,0.001,9,0.001,1067,0.0,0.11,986100,616100 ( 166.5% ),117,81 ( 225.0% ),87734913300,8165922,41
123,2022-10-15,9,0.001,10,0.001,1268,0.0,0.089,1269800,283700 ( 28.8% ),113,-4 ( -3.4% ),87736183100,8166035,43
124,2022-10-16,7,0.001,8,0.0,1064,0.0,0.134,1618800,349000 ( 27.5% ),143,30 ( 26.5% ),87737801900,8166178,41
125,2022-10-17,7,0.001,7,0.001,840,0.0,0.058,447399,-1171401 ( -72.4% ),49,-94 ( -65.7% ),87738249299,8166227,50
126,2022-10-18,8,0.001,8,0.001,918,0.0,0.125,991400,544001 ( 121.6% ),115,66 ( 134.7% ),87739240699,8166342,39
127,2022-10-19,6,0.001,6,0.0,747,0.0,0.21,1287600,296200 ( 29.9% ),157,42 ( 36.5% ),87740528299,8166499,24
128,2022-10-20,6,0.001,6,0.0,728,0.0,0.045,309900,-977700 ( -75.9% ),33,-124 ( -79.0% ),87740838199,8166532,58
129,2022-10-21,6,0.001,6,0.0,782,0.0,0.079,722100,412200 ( 133.0% ),62,29 ( 87.9% ),87741560299,8166594,55
130,2022-10-22,5,0.001,6,0.0,704,0.0,0.129,937397,215297 ( 29.8% ),91,29 ( 46.8% ),87742497696,8166685,61
131,2022-10-23,5,0.001,6,0.0,668,0.0,0.105,755599,-181798 ( -19.4% ),70,-21 ( -23.1% ),87743253295,8166755,73
132,2022-10-24,5,0.001,6,0.0,717,0.0,0.059,448799,-306800 ( -40.6% ),42,-28 ( -40.0% ),87743702094,8166797,65
133,2022-10-25,4,0.001,4,0.0,429,0.0,0.054,248600,-200199 ( -44.6% ),23,-19 ( -45.2% ),87743950694,8166820,76
134,2022-10-26,8,0.001,26,0.002,6869,0.003,0.315,24279000,24030400 ( 9666.3% ),2164,2141 ( 9308.7% ),87768229694,8168984,8
135,2022-10-27,8,0.001,17,0.001,4206,0.002,0.105,4459198,-19819802 ( -81.6% ),442,-1722 ( -79.6% ),87772688892,8169426,20
136,2022-10-28,11,0.002,23,0.001,5266,0.002,0.13,7292399,2833201 ( 63.5% ),685,243 ( 55.0% ),87779981291,8170111,14
137,2022-10-29,9,0.001,25,0.001,6521,0.003,0.129,10490600,3198201 ( 43.9% ),838,153 ( 22.3% ),87790471891,8170949,16
138,2022-10-30,8,0.001,25,0.001,6756,0.003,0.088,7167198,-3323402 ( -31.7% ),594,-244 ( -29.1% ),87797639089,8171543,17
139,2022-10-31,7,0.001,13,0.001,3218,0.002,0.061,2307600,-4859598 ( -67.8% ),195,-399 ( -67.2% ),87799946689,8171738,24
140,2022-11-01,7,0.001,15,0.001,3542,0.002,0.087,3709500,1401900 ( 60.8% ),309,114 ( 58.5% ),87803656189,8172047,13
141,2022-11-02,4,0.001,4,0.0,340,0.0,0.176,691500,-3018000 ( -81.4% ),60,-249 ( -80.6% ),87804347689,8172107,57
142,2022-11-03,3,0.001,3,0.0,282,0.0,0.057,162099,-529401 ( -76.6% ),16,-44 ( -73.3% ),87804509788,8172123,85
143,2022-11-04,3,0.0,3,0.0,282,0.0,0.025,75000,-87099 ( -53.7% ),7,-9 ( -56.3% ),87804584788,8172130,110
144,2022-11-05,3,0.0,3,0.0,282,0.0,0.184,557500,482500 ( 643.3% ),52,45 ( 642.9% ),87805142288,8172182,67
145,2022-11-06,3,0.0,3,0.0,282,0.0,0.152,450000,-107500 ( -19.3% ),43,-9 ( -17.3% ),87805592288,8172225,63
146,2022-11-07,3,0.001,3,0.0,282,0.0,0.035,90599,-359401 ( -79.9% ),10,-33 ( -76.7% ),87805682887,8172235,90
147,2022-11-08,3,0.001,3,0.0,286,0.0,0.133,444199,353600 ( 390.3% ),38,28 ( 280.0% ),87806127086,8172273,68
148,2022-11-16,1,0.0,1,0.0,103,0.0,0.049,49099,49099 ( 100.0% ),5,5 ( 100.0% ),87806176185,8172278,82
149,2022-11-17,2,0.0,2,0.0,226,0.0,0.084,207000,157901 ( 321.6% ),19,14 ( 280.0% ),87806383185,8172297,73
150,2022-11-18,2,0.0,2,0.0,226,0.0,0.097,253099,46099 ( 22.3% ),22,3 ( 15.8% ),87806636284,8172319,71
151,2022-11-19,1,0.0,1,0.0,123,0.0,0.073,118000,-135099 ( -53.4% ),9,-13 ( -59.1% ),87806754284,8172328,85
152,2022-11-20,2,0.0,2,0.0,226,0.0,0.124,337500,219500 ( 186.0% ),28,19 ( 211.1% ),87807091784,8172356,54
153,2022-11-21,2,0.0,2,0.0,226,0.0,0.128,259698,-77802 ( -23.1% ),29,1 ( 3.6% ),87807351482,8172385,56
154,2022-11-22,2,0.0,3,0.0,349,0.0,0.089,324400,64702 ( 24.9% ),31,2 ( 6.9% ),87807675882,8172416,58
155,2022-11-24,3,0.001,3,0.0,255,0.0,0.145,285500,285500 ( 100.0% ),37,37 ( 100.0% ),87807961382,8172453,62
156,2022-11-25,2,0.0,2,0.0,227,0.0,0.11,304400,18900 ( 6.6% ),25,-12 ( -32.4% ),87808265782,8172478,70
157,2022-11-26,1,0.0,1,0.0,103,0.0,0.369,406698,102298 ( 33.6% ),38,13 ( 52.0% ),87808672480,8172516,67
158,2022-11-27,1,0.0,1,0.0,103,0.0,0.262,371500,-35198 ( -8.7% ),27,-11 ( -28.9% ),87809043980,8172543,56
159,2022-11-28,1,0.0,1,0.0,103,0.0,0.058,66500,-305000 ( -82.1% ),6,-21 ( -77.8% ),87809110480,8172549,83
160,2022-11-29,1,0.0,1,0.0,104,0.0,0.106,107000,40500 ( 60.9% ),11,5 ( 83.3% ),87809217480,8172560,83
161,2022-11-30,2,0.0,2,0.0,204,0.0,0.525,1179500,1072500 ( 1002.3% ),107,96 ( 872.7% ),87810396980,8172667,41
162,2022-12-01,1,0.0,1,0.0,104,0.0,0.087,75500,-1104000 ( -93.6% ),9,-98 ( -91.6% ),87810472480,8172676,94
163,2022-12-02,1,0.0,1,0.0,104,0.0,0.212,275198,199698 ( 264.5% ),22,13 ( 144.4% ),87810747678,8172698,93
164,2022-12-03,2,0.0,2,0.0,145,0.0,0.31,413000,137802 ( 50.1% ),45,23 ( 104.5% ),87811160678,8172743,87
165,2022-12-05,1,0.0,1,0.0,104,0.0,0.067,76000,76000 ( 100.0% ),7,7 ( 100.0% ),87811236678,8172750,104
166,2022-12-06,1,0.0,1,0.0,104,0.0,0.154,168500,92500 ( 121.7% ),16,9 ( 128.6% ),87811405178,8172766,95
167,2022-12-07,11,0.002,47,0.003,17778,0.008,0.022,4137000,3968500 ( 2355.2% ),386,370 ( 2312.5% ),87815542178,8173152,29
168,2022-12-08,11,0.002,43,0.003,16206,0.007,0.01,1802500,-2334500 ( -56.4% ),158,-228 ( -59.1% ),87817344678,8173310,41
169,2022-12-09,12,0.002,55,0.003,19597,0.008,0.015,3781198,1978698 ( 109.8% ),301,143 ( 90.5% ),87821125876,8173611,31
170,2022-12-10,12,0.002,54,0.003,19191,0.007,0.08,13595100,9813902 ( 259.5% ),1542,1241 ( 412.3% ),87834720976,8175153,18
171,2022-12-11,12,0.002,49,0.003,17575,0.007,0.06,9628900,-3966200 ( -29.2% ),1056,-486 ( -31.5% ),87844349876,8176209,21
172,2022-12-12,11,0.002,38,0.003,14589,0.007,0.024,3384500,-6244400 ( -64.9% ),353,-703 ( -66.6% ),87847734376,8176562,27
173,2022-12-13,12,0.002,51,0.003,18918,0.009,0.047,7626599,4242099 ( 125.3% ),884,531 ( 150.4% ),87855360975,8177446,18
174,2023-02-14,7,0.001,7,0.001,801,0.0,0.136,1146500,1146500 ( 100.0% ),109,109 ( 100.0% ),87856507475,8177555,40
175,2023-02-15,7,0.001,7,0.0,702,0.0,0.204,1396600,250100 ( 21.8% ),143,34 ( 31.2% ),87857904075,8177698,32
176,2023-02-16,1,0.0,1,0.0,94,0.0,0.011,14000,-1382600 ( -99.0% ),1,-142 ( -99.3% ),87857918075,8177699,97
177,2023-02-17,8,0.001,8,0.0,935,0.0,0.127,1311500,1297500 ( 9267.9% ),119,118 ( 11800.0% ),87859229575,8177818,35
178,2023-02-18,7,0.001,8,0.0,832,0.0,0.087,800900,-510600 ( -38.9% ),72,-47 ( -39.5% ),87860030475,8177890,49
179,2023-02-19,2,0.0,2,0.0,547,0.0,0.071,317000,-483900 ( -60.4% ),39,-33 ( -45.8% ),87860347475,8177929,58
180,2023-02-20,1,0.0,1,0.0,91,0.0,0.868,786000,469000 ( 147.9% ),79,40 ( 102.6% ),87861133475,8178008,35
181,2023-02-21,5,0.001,5,0.0,492,0.0,0.173,826000,40000 ( 5.1% ),85,6 ( 7.6% ),87861959475,8178093,35
182,2023-02-22,27,0.004,32,0.002,3791,0.002,0.252,7651300,6825300 ( 826.3% ),956,871 ( 1024.7% ),87869610775,8179049,18
183,2023-02-23,21,0.003,24,0.001,2957,0.001,0.077,2234000,-5417300 ( -70.8% ),228,-728 ( -76.2% ),87871844775,8179277,26
184,2023-02-24,16,0.003,20,0.001,2740,0.001,0.052,1409599,-824401 ( -36.9% ),142,-86 ( -37.7% ),87873254374,8179419,30
185,2023-02-25,47,0.007,50,0.003,7936,0.003,0.102,8276485,6866886 ( 487.2% ),812,670 ( 471.8% ),87881530859,8180231,19
186,2023-02-26,26,0.004,30,0.002,4010,0.002,0.094,3651296,-4625189 ( -55.9% ),375,-437 ( -53.8% ),87885182155,8180606,22
187,2023-02-27,23,0.004,27,0.002,3600,0.002,0.068,2239000,-1412296 ( -38.7% ),244,-131 ( -34.9% ),87887421155,8180850,21
188,2023-02-28,27,0.004,28,0.002,3271,0.001,0.054,1753799,-485201 ( -21.7% ),178,-66 ( -27.0% ),87889174954,8181028,29
189,2023-03-01,29,0.004,41,0.002,9305,0.004,0.155,16016848,14263049 ( 813.3% ),1442,1264 ( 710.1% ),87905191802,8182470,21
190,2023-03-02,17,0.003,27,0.002,5905,0.003,0.065,4443000,-11573848 ( -72.3% ),386,-1056 ( -73.2% ),87909634802,8182856,26
191,2023-03-03,19,0.003,32,0.002,5916,0.003,0.077,5638800,1195800 ( 26.9% ),455,69 ( 17.9% ),87915273602,8183311,22
192,2023-03-04,31,0.004,41,0.002,8574,0.003,0.093,9257595,3618795 ( 64.2% ),799,344 ( 75.6% ),87924531197,8184110,24
193,2023-03-05,33,0.004,39,0.002,6510,0.003,0.107,8103099,-1154496 ( -12.5% ),698,-101 ( -12.6% ),87932634296,8184808,25
194,2023-03-06,19,0.003,27,0.002,5489,0.003,0.05,3309500,-4793599 ( -59.2% ),276,-422 ( -60.5% ),87935943796,8185084,22
195,2023-03-07,22,0.004,30,0.002,5803,0.003,0.066,4579100,1269600 ( 38.4% ),382,106 ( 38.4% ),87940522896,8185466,22
196,2023-03-08,58,0.01,174,0.011,21289,0.01,0.07,16193500,11614400 ( 253.6% ),1484,1102 ( 288.5% ),87956716396,8186950,13
197,2023-03-09,57,0.01,132,0.009,16888,0.008,0.052,9553198,-6640302 ( -41.0% ),870,-614 ( -41.4% ),87966269594,8187820,14
198,2023-03-10,55,0.009,129,0.008,15771,0.007,0.075,14072500,4519302 ( 47.3% ),1182,312 ( 35.9% ),87980342094,8189002,11
199,2023-03-11,50,0.007,137,0.008,16975,0.007,0.15,30113900,16041400 ( 114.0% ),2552,1370 ( 115.9% ),88010455994,8191554,12
200,2023-03-12,53,0.008,126,0.007,15423,0.006,0.156,27662400,-2451500 ( -8.1% ),2403,-149 ( -5.8% ),88038118394,8193957,14
201,2023-03-13,41,0.007,96,0.007,11740,0.006,0.068,8989100,-18673300 ( -67.5% ),800,-1603 ( -66.7% ),88047107494,8194757,14
202,2023-03-14,40,0.007,95,0.007,11472,0.006,0.08,10260000,1270900 ( 14.1% ),913,113 ( 14.1% ),88057367494,8195670,18
203,2023-03-18,2,0.0,2,0.0,471,0.0,0.055,172000,172000 ( 100.0% ),26,26 ( 100.0% ),88057539494,8195696,63
204,2023-03-19,1,0.0,1,0.0,58,0.0,0.103,72000,-100000 ( -58.1% ),6,-20 ( -76.9% ),88057611494,8195702,79
205,2023-03-22,1,0.0,1,0.0,413,0.0,0.027,84000,84000 ( 100.0% ),11,11 ( 100.0% ),88057695494,8195713,68
206,2023-03-26,1,0.0,1,0.0,413,0.0,0.07,145000,145000 ( 100.0% ),29,29 ( 100.0% ),88057840494,8195742,64
