,날짜,스크린수,스크린점유율,상영횟수,상영점유율,좌석수,좌석점유율,좌석판매율,매출액,매출액증감(전일대비),관객수,관객수증감(전일대비),누적매출액,누적관객수,순위
0,2011-04-18,8,0.003,8,0.001,1630,0.001,1.0,13040000,13040000 ( 100.0% ),1630,1630 ( 100.0% ),13040000,1630,11
1,2011-04-20,1,0.0,1,0.0,202,0.0,1.0,1616000,1616000 ( 100.0% ),202,202 ( 100.0% ),14656000,1832,25
2,2011-04-22,2,0.001,2,0.0,329,0.0,0.973,2772000,2772000 ( 100.0% ),320,320 ( 100.0% ),17428000,2152,17
3,2011-04-25,11,0.004,11,0.001,2126,0.001,0.829,12707000,12707000 ( 100.0% ),1762,1762 ( 100.0% ),30135000,3914,12
4,2011-04-26,24,0.008,24,0.002,5367,0.003,0.265,9969000,-2738000 ( -21.5% ),1424,-338 ( -19.2% ),40104000,5338,12
5,2011-04-27,10,0.004,10,0.001,2020,0.001,0.948,13873000,3904000 ( 39.2% ),1915,491 ( 34.5% ),53977000,7253,13
6,2011-04-28,1,0.0,1,0.0,136,0.0,0.912,992000,-12881000 ( -92.8% ),124,-1791 ( -93.5% ),54969000,7377,26
7,2011-04-29,2,0.001,4,0.0,133,0.0,0.06,64000,-928000 ( -93.5% ),8,-116 ( -93.5% ),55033000,7385,43
8,2011-04-30,232,0.065,520,0.043,79017,0.036,0.332,206031500,205967500 ( 321824.2% ),26262,26254 ( 328175.0% ),261064500,33647,6
9,2011-05-01,240,0.07,525,0.046,80240,0.039,0.325,206564000,532500 ( 0.3% ),26084,-178 ( -0.7% ),467628500,59731,6
10,2011-05-02,3,0.001,5,0.0,248,0.0,0.52,1020000,-205544000 ( -99.5% ),129,-25955 ( -99.5% ),468648500,59860,29
11,2011-05-03,4,0.001,13,0.001,1578,0.001,0.039,455000,-565000 ( -55.4% ),62,-67 ( -51.9% ),469103500,59922,33
12,2011-05-04,392,0.131,1904,0.163,362888,0.171,0.153,398190000,397735000 ( 87414.3% ),55417,55355 ( 89282.3% ),867293500,115339,3
13,2011-05-05,410,0.118,1981,0.151,368880,0.156,0.45,1225006000,826816000 ( 207.6% ),165954,110537 ( 199.5% ),2092299500,281293,3
14,2011-05-06,411,0.129,2035,0.164,386177,0.172,0.192,561570000,-663436000 ( -54.2% ),74267,-91687 ( -55.2% ),2653869500,355560,1
15,2011-05-07,443,0.126,2089,0.16,397382,0.169,0.356,1057561500,495991500 ( 88.3% ),141429,67162 ( 90.4% ),3711431000,496989,1
16,2011-05-08,425,0.124,2060,0.162,395239,0.172,0.344,1028731000,-28830500 ( -2.7% ),135883,-5546 ( -3.9% ),4740162000,632872,1
17,2011-05-09,424,0.131,2091,0.166,399967,0.175,0.333,944089000,-84642000 ( -8.2% ),133267,-2616 ( -1.9% ),5684251000,766139,1
18,2011-05-10,472,0.139,2170,0.172,429457,0.189,0.566,1810680500,866591500 ( 91.8% ),243200,109933 ( 82.5% ),7494931500,1009339,1
19,2011-05-11,436,0.149,2080,0.192,415661,0.209,0.158,472960000,-1337720500 ( -73.9% ),65827,-177373 ( -72.9% ),7967891500,1075166,1
20,2011-05-12,468,0.165,2203,0.198,479621,0.235,0.158,539253500,66293500 ( 14.0% ),75663,9836 ( 14.9% ),8507145000,1150829,1
21,2011-05-13,474,0.162,2311,0.198,501659,0.236,0.237,884888000,345634500 ( 64.1% ),118701,43038 ( 56.9% ),9392033000,1269530,1
22,2011-05-14,539,0.168,2615,0.202,574759,0.246,0.461,1984847000,1099959000 ( 124.3% ),265202,146501 ( 123.4% ),11376880000,1534732,1
23,2011-05-15,546,0.171,2550,0.206,561577,0.252,0.421,1766213500,-218633500 ( -11.0% ),236248,-28954 ( -10.9% ),13143093500,1770980,1
24,2011-05-16,491,0.173,2353,0.217,511100,0.258,0.163,594298500,-1171915000 ( -66.4% ),83334,-152914 ( -64.7% ),13737392000,1854314,1
25,2011-05-17,500,0.175,2367,0.222,513494,0.262,0.162,593668500,-630000 ( -0.1% ),83358,24 ( 0.0% ),14331060500,1937672,1
26,2011-05-18,495,0.173,2372,0.223,511754,0.263,0.164,597184500,3516000 ( 0.6% ),84009,651 ( 0.8% ),14928245000,2021681,1
27,2011-05-19,453,0.163,2203,0.203,385883,0.197,0.193,528202500,-68982000 ( -11.6% ),74646,-9363 ( -11.1% ),15456447500,2096327,2
28,2011-05-20,454,0.161,2314,0.202,402959,0.196,0.264,798441500,270239000 ( 51.2% ),106347,31701 ( 42.5% ),16254889000,2202674,2
29,2011-05-21,518,0.169,2523,0.207,431336,0.2,0.555,1776392500,977951000 ( 122.5% ),239213,132866 ( 124.9% ),18031281500,2441887,2
30,2011-05-22,507,0.169,2430,0.207,418426,0.201,0.506,1565407000,-210985500 ( -11.9% ),211659,-27554 ( -11.5% ),19596688500,2653546,2
31,2011-05-23,475,0.17,2319,0.217,402896,0.21,0.186,535740500,-1029666500 ( -65.8% ),74936,-136723 ( -64.6% ),20132429000,2728482,2
32,2011-05-24,479,0.172,2332,0.22,404437,0.213,0.18,518818000,-16922500 ( -3.2% ),72939,-1997 ( -2.7% ),20651247000,2801421,2
33,2011-05-25,488,0.174,2347,0.222,406767,0.214,0.186,532135000,13317000 ( 2.6% ),75624,2685 ( 3.7% ),21183382000,2877045,2
34,2011-05-26,433,0.161,2074,0.175,336049,0.156,0.219,516530500,-15604500 ( -2.9% ),73588,-2036 ( -2.7% ),21699912500,2950633,2
35,2011-05-27,435,0.163,2210,0.179,354366,0.158,0.272,713082500,196552000 ( 38.1% ),96423,22835 ( 31.0% ),22412995000,3047056,3
36,2011-05-28,463,0.159,2292,0.171,359033,0.148,0.556,1468526000,755443500 ( 105.9% ),199718,103295 ( 107.1% ),23881521000,3246774,3
37,2011-05-29,459,0.159,2208,0.171,339923,0.146,0.503,1264891500,-203634500 ( -13.9% ),170937,-28781 ( -14.4% ),25146412500,3417711,3
38,2011-05-30,445,0.17,2165,0.187,350884,0.166,0.205,509351000,-755540500 ( -59.7% ),71984,-98953 ( -57.9% ),25655763500,3489695,2
39,2011-05-31,445,0.168,2164,0.187,350243,0.167,0.223,544286000,34935000 ( 6.9% ),78142,6158 ( 8.6% ),26200049500,3567837,2
40,2011-06-01,451,0.151,2056,0.181,329884,0.159,0.218,503057500,-41228500 ( -7.6% ),72018,-6124 ( -7.8% ),26703107000,3639855,2
41,2011-06-02,380,0.146,1798,0.155,285903,0.136,0.225,446609000,-56448500 ( -11.2% ),64280,-7738 ( -10.7% ),27149716000,3704135,2
42,2011-06-03,378,0.147,1890,0.156,298858,0.137,0.248,550919000,104310000 ( 23.4% ),74185,9905 ( 15.4% ),27700635000,3778320,3
43,2011-06-04,411,0.142,1922,0.146,295744,0.125,0.502,1112669000,561750000 ( 102.0% ),148578,74393 ( 100.3% ),28813304000,3926898,3
44,2011-06-05,398,0.141,1932,0.147,297651,0.125,0.566,1260007000,147338000 ( 13.2% ),168543,19965 ( 13.4% ),30073311000,4095441,3
45,2011-06-06,395,0.141,1856,0.146,289333,0.126,0.592,1256886500,-3120500 ( -0.2% ),171366,2823 ( 1.7% ),31330197500,4266807,3
46,2011-06-07,405,0.159,1866,0.167,307674,0.152,0.166,354906500,-901980000 ( -71.8% ),51115,-120251 ( -70.2% ),31685104000,4317922,3
47,2011-06-08,410,0.161,1868,0.17,304604,0.153,0.159,340980000,-13926500 ( -3.9% ),48380,-2735 ( -5.4% ),32026084000,4366302,2
48,2011-06-09,343,0.121,1610,0.138,275107,0.131,0.175,334685500,-6294500 ( -1.8% ),48141,-239 ( -0.5% ),32360769500,4414443,1
49,2011-06-10,350,0.122,1678,0.138,283830,0.129,0.226,476921600,142236100 ( 42.5% ),64039,15898 ( 33.0% ),32837691100,4478482,2
50,2011-06-11,389,0.124,1807,0.135,306188,0.128,0.442,1018249000,541327400 ( 113.5% ),135387,71348 ( 111.4% ),33855940100,4613869,3
51,2011-06-12,391,0.124,1754,0.137,298400,0.129,0.374,842697500,-175551500 ( -17.2% ),111482,-23905 ( -17.7% ),34698637600,4725351,3
52,2011-06-13,368,0.128,1689,0.148,296525,0.143,0.149,311674000,-531023500 ( -63.0% ),44111,-67371 ( -60.4% ),35010311600,4769462,1
53,2011-06-14,363,0.128,1700,0.15,299854,0.147,0.156,325582500,13908500 ( 4.5% ),46768,2657 ( 6.0% ),35335894100,4816230,1
54,2011-06-15,375,0.131,1708,0.15,298309,0.145,0.158,330172500,4590000 ( 1.4% ),47236,468 ( 1.0% ),35666066600,4863466,1
55,2011-06-16,322,0.109,1481,0.128,250424,0.12,0.182,318409500,-11763000 ( -3.6% ),45608,-1628 ( -3.4% ),35984476100,4909074,1
56,2011-06-17,328,0.11,1557,0.128,260093,0.12,0.214,415722500,97313000 ( 30.6% ),55600,9992 ( 21.9% ),36400198600,4964674,1
57,2011-06-18,363,0.107,1665,0.127,280265,0.12,0.412,868683000,452960500 ( 109.0% ),115413,59813 ( 107.6% ),37268881600,5080087,2
58,2011-06-19,351,0.11,1615,0.128,273948,0.122,0.372,777227000,-91456000 ( -10.5% ),101903,-13510 ( -11.7% ),38046108600,5181990,2
59,2011-06-20,334,0.114,1555,0.137,268339,0.132,0.184,350011500,-427215500 ( -55.0% ),49407,-52496 ( -51.5% ),38396120100,5231397,1
60,2011-06-21,349,0.119,1593,0.14,273624,0.134,0.195,374471000,24459500 ( 7.0% ),53261,3854 ( 7.8% ),38770591100,5284658,1
61,2011-06-22,344,0.116,1588,0.138,276674,0.135,0.201,393997000,19526000 ( 5.2% ),55729,2468 ( 4.6% ),39164588100,5340387,1
62,2011-06-23,321,0.112,1614,0.139,311723,0.151,0.175,386112000,-7885000 ( -2.0% ),54420,-1309 ( -2.3% ),39550700100,5394807,1
63,2011-06-24,330,0.113,1700,0.14,331422,0.153,0.209,522501000,136389000 ( 35.3% ),69195,14775 ( 27.1% ),40073201100,5464002,1
64,2011-06-25,365,0.115,1808,0.138,366322,0.158,0.38,1069227500,546726500 ( 104.6% ),139123,69928 ( 101.1% ),41142428600,5603125,1
65,2011-06-26,360,0.116,1741,0.139,355212,0.16,0.349,957266500,-111961000 ( -10.5% ),124050,-15073 ( -10.8% ),42099695100,5727175,1
66,2011-06-27,341,0.118,1671,0.147,331921,0.163,0.151,356225500,-601041000 ( -62.8% ),49988,-74062 ( -59.7% ),42455920600,5777163,1
67,2011-06-28,346,0.117,1670,0.149,331180,0.165,0.156,362801500,6576000 ( 1.8% ),51604,1616 ( 3.2% ),42818722100,5828767,1
68,2011-06-29,295,0.105,1395,0.131,206860,0.11,0.195,286140000,-76661500 ( -21.1% ),40394,-11210 ( -21.7% ),43104862100,5869161,2
69,2011-06-30,297,0.107,1402,0.131,206544,0.11,0.223,323948000,37808000 ( 13.2% ),46105,5711 ( 14.1% ),43428810100,5915266,2
70,2011-07-01,305,0.108,1445,0.131,212866,0.109,0.24,378677500,54729500 ( 16.9% ),51185,5080 ( 11.0% ),43807487600,5966451,2
71,2011-07-02,293,0.102,1355,0.118,195530,0.097,0.464,675128500,296451000 ( 78.3% ),90797,39612 ( 77.4% ),44482616100,6057248,2
72,2011-07-03,285,0.1,1319,0.118,190736,0.097,0.457,650573500,-24555000 ( -3.6% ),87178,-3619 ( -4.0% ),45133189600,6144426,2
73,2011-07-04,297,0.108,1352,0.135,199761,0.113,0.203,290754500,-359819000 ( -55.3% ),40502,-46676 ( -53.5% ),45423944100,6184928,2
74,2011-07-05,294,0.106,1371,0.136,200736,0.112,0.229,321317500,30563000 ( 10.5% ),45948,5446 ( 13.4% ),45745261600,6230876,2
75,2011-07-06,303,0.108,1425,0.136,209325,0.113,0.217,318007500,-3310000 ( -1.0% ),45324,-624 ( -1.4% ),46063269100,6276200,2
76,2011-07-07,298,0.108,1380,0.127,203075,0.106,0.218,313574000,-4433500 ( -1.4% ),44276,-1048 ( -2.3% ),46376843100,6320476,3
77,2011-07-08,300,0.108,1422,0.127,209821,0.107,0.265,416730000,103156000 ( 32.9% ),55595,11319 ( 25.6% ),46793573100,6376071,3
78,2011-07-09,293,0.101,1384,0.116,199396,0.096,0.584,860666500,443936500 ( 106.5% ),116433,60838 ( 109.4% ),47654239600,6492504,3
79,2011-07-10,293,0.102,1346,0.117,194586,0.097,0.511,736648500,-124018000 ( -14.4% ),99530,-16903 ( -14.5% ),48390888100,6592034,3
80,2011-07-11,291,0.108,1425,0.134,211154,0.113,0.19,287183500,-449465000 ( -61.0% ),40072,-59458 ( -59.7% ),48678071600,6632106,2
81,2011-07-12,294,0.108,1416,0.134,209954,0.113,0.196,292497000,5313500 ( 1.9% ),41189,1117 ( 2.8% ),48970568600,6673295,2
82,2011-07-13,287,0.1,1249,0.113,175205,0.089,0.195,242140000,-50357000 ( -17.2% ),34230,-6959 ( -16.9% ),49212708600,6707525,3
83,2011-07-14,291,0.103,1253,0.113,173506,0.088,0.192,233499500,-8640500 ( -3.6% ),33248,-982 ( -2.9% ),49446208100,6740773,3
84,2011-07-15,298,0.106,1309,0.112,177818,0.086,0.256,336872500,103373000 ( 44.3% ),45564,12316 ( 37.0% ),49783080600,6786337,3
85,2011-07-16,311,0.094,1170,0.095,159752,0.074,0.459,547936000,211063500 ( 62.7% ),73306,27742 ( 60.9% ),50331016600,6859643,3
86,2011-07-17,296,0.092,1118,0.094,151653,0.072,0.439,493443500,-54492500 ( -9.9% ),66639,-6667 ( -9.1% ),50824460100,6926282,3
87,2011-07-18,295,0.107,1316,0.117,182218,0.092,0.188,242211500,-251232000 ( -50.9% ),34270,-32369 ( -48.6% ),51066671600,6960552,3
88,2011-07-19,291,0.105,1302,0.116,182279,0.092,0.192,248889000,6677500 ( 2.8% ),35080,810 ( 2.4% ),51315560600,6995632,3
89,2011-07-20,181,0.062,522,0.045,68915,0.033,0.231,113807000,-135082000 ( -54.3% ),15916,-19164 ( -54.6% ),51429367600,7011548,5
90,2011-07-21,183,0.063,503,0.043,65346,0.031,0.238,111564000,-2243000 ( -2.0% ),15536,-380 ( -2.4% ),51540931600,7027084,6
91,2011-07-22,175,0.06,524,0.044,66448,0.031,0.281,142060500,30496500 ( 27.3% ),18686,3150 ( 20.3% ),51682992100,7045770,6
92,2011-07-23,164,0.052,466,0.037,57797,0.026,0.508,222742000,80681500 ( 56.8% ),29365,10679 ( 57.1% ),51905734100,7075135,7
93,2011-07-24,163,0.052,458,0.037,57399,0.026,0.453,196921500,-25820500 ( -11.6% ),26005,-3360 ( -11.4% ),52102655600,7101140,7
94,2011-07-25,182,0.063,534,0.046,68894,0.033,0.237,118183000,-78738500 ( -40.0% ),16324,-9681 ( -37.2% ),52220838600,7117464,6
95,2011-07-26,179,0.062,528,0.045,68273,0.033,0.253,120756500,2573500 ( 2.2% ),17271,947 ( 5.8% ),52341595100,7134735,6
96,2011-07-27,173,0.053,506,0.042,70804,0.033,0.208,107536000,-13220500 ( -10.9% ),14714,-2557 ( -14.8% ),52449131100,7149449,7
97,2011-07-28,137,0.041,353,0.029,47555,0.022,0.257,90283000,-17253000 ( -16.0% ),12240,-2474 ( -16.8% ),52539414100,7161689,9
98,2011-07-29,135,0.041,371,0.029,48830,0.022,0.31,116627500,26344500 ( 29.2% ),15113,2873 ( 23.5% ),52656041600,7176802,9
99,2011-07-30,130,0.036,354,0.027,46993,0.02,0.491,177727000,61099500 ( 52.4% ),23089,7976 ( 52.8% ),52833768600,7199891,9
100,2011-07-31,127,0.036,338,0.026,44411,0.02,0.485,165115000,-12612000 ( -7.1% ),21532,-1557 ( -6.7% ),52998883600,7221423,9
101,2011-08-01,130,0.038,355,0.028,47714,0.021,0.449,156711000,-8404000 ( -5.1% ),21424,-108 ( -0.5% ),53155594600,7242847,8
102,2011-08-02,132,0.038,358,0.029,49141,0.022,0.409,146239500,-10471500 ( -6.7% ),20103,-1321 ( -6.2% ),53301834100,7262950,8
103,2011-08-03,141,0.04,384,0.03,53881,0.024,0.303,118374000,-27865500 ( -19.1% ),16320,-3783 ( -18.8% ),53420208100,7279270,9
104,2011-08-04,146,0.035,349,0.025,55145,0.022,0.234,94079500,-24294500 ( -20.5% ),12901,-3419 ( -20.9% ),53514287600,7292171,8
105,2011-08-05,103,0.029,238,0.018,36480,0.015,0.252,72336500,-21743000 ( -23.1% ),9211,-3690 ( -28.6% ),53586624100,7301382,9
106,2011-08-06,77,0.02,147,0.011,23460,0.009,0.403,74932500,2596000 ( 3.6% ),9450,239 ( 2.6% ),53661556600,7310832,14
107,2011-08-07,76,0.02,144,0.011,22788,0.009,0.332,59553500,-15379000 ( -20.5% ),7557,-1893 ( -20.0% ),53721110100,7318389,14
108,2011-08-08,87,0.026,181,0.014,28243,0.012,0.208,44242500,-15311000 ( -25.7% ),5870,-1687 ( -22.3% ),53765352600,7324259,10
109,2011-08-09,91,0.027,187,0.014,29186,0.013,0.207,45391000,1148500 ( 2.6% ),6046,176 ( 3.0% ),53810743600,7330305,10
110,2011-08-10,54,0.017,111,0.009,15963,0.007,0.206,24645000,-20746000 ( -45.7% ),3296,-2750 ( -45.5% ),53835388600,7333601,11
111,2011-08-11,32,0.009,63,0.005,9275,0.004,0.226,15448000,-9197000 ( -37.3% ),2098,-1198 ( -36.3% ),53850836600,7335699,12
112,2011-08-12,32,0.009,61,0.005,8625,0.004,0.263,17516000,2068000 ( 13.4% ),2269,171 ( 8.2% ),53868352600,7337968,12
113,2011-08-13,30,0.008,56,0.004,8274,0.003,0.338,22279500,4763500 ( 27.2% ),2799,530 ( 23.4% ),53890632100,7340767,13
114,2011-08-14,28,0.007,55,0.004,8432,0.003,0.343,23308500,1029000 ( 4.6% ),2892,93 ( 3.3% ),53913940600,7343659,13
115,2011-08-15,28,0.007,58,0.004,8451,0.004,0.378,25011500,1703000 ( 7.3% ),3193,301 ( 10.4% ),53938952100,7346852,13
116,2011-08-16,38,0.011,69,0.005,10156,0.004,0.161,11871000,-13140500 ( -52.5% ),1631,-1562 ( -48.9% ),53950823100,7348483,11
117,2011-08-17,15,0.004,26,0.002,3489,0.002,0.144,3576500,-8294500 ( -69.9% ),501,-1130 ( -69.3% ),53954399600,7348984,17
118,2011-08-18,13,0.004,21,0.002,2770,0.001,0.127,2585000,-991500 ( -27.7% ),351,-150 ( -29.9% ),53956984600,7349335,22
119,2011-08-19,12,0.003,21,0.002,2947,0.001,0.127,2835000,250000 ( 9.7% ),375,24 ( 6.8% ),53959819600,7349710,21
120,2011-08-20,8,0.002,19,0.001,2741,0.001,0.202,4245500,1410500 ( 49.8% ),553,178 ( 47.5% ),53964065100,7350263,21
121,2011-08-21,9,0.002,22,0.002,3143,0.001,0.162,3963000,-282500 ( -6.7% ),510,-43 ( -7.8% ),53968028100,7350773,19
122,2011-08-22,11,0.003,20,0.002,2633,0.001,0.11,2081000,-1882000 ( -47.5% ),290,-220 ( -43.1% ),53970109100,7351063,23
123,2011-08-23,12,0.003,22,0.002,3119,0.001,0.083,1842000,-239000 ( -11.5% ),258,-32 ( -11.0% ),53971951100,7351321,24
124,2011-08-24,13,0.004,23,0.002,3599,0.002,0.078,2104000,262000 ( 14.2% ),281,23 ( 8.9% ),53974055100,7351602,21
125,2011-08-25,7,0.002,14,0.001,2368,0.001,0.06,1053000,-1051000 ( -50.0% ),142,-139 ( -49.5% ),53975108100,7351744,30
126,2011-08-26,8,0.002,15,0.001,2645,0.001,0.063,1177000,124000 ( 11.8% ),167,25 ( 17.6% ),53976285100,7351911,26
127,2011-08-27,6,0.002,12,0.001,1683,0.001,0.149,1799000,622000 ( 52.8% ),251,84 ( 50.3% ),53978084100,7352162,31
128,2011-08-28,7,0.002,14,0.001,2115,0.001,0.156,2482000,683000 ( 38.0% ),329,78 ( 31.1% ),53980566100,7352491,27
129,2011-08-29,7,0.002,15,0.001,3204,0.002,0.226,4137000,1655000 ( 66.7% ),725,396 ( 120.4% ),53984703100,7353216,18
130,2011-08-30,8,0.002,17,0.001,3158,0.001,0.225,3951500,-185500 ( -4.5% ),710,-15 ( -2.1% ),53988654600,7353926,18
131,2011-08-31,2,0.001,7,0.001,1177,0.001,0.042,363000,-3588500 ( -90.8% ),49,-661 ( -93.1% ),53989017600,7353975,38
132,2011-09-01,3,0.001,8,0.001,1894,0.001,0.024,338000,-25000 ( -6.9% ),45,-4 ( -8.2% ),53989355600,7354020,33
133,2011-09-02,4,0.001,10,0.001,3813,0.002,0.025,715000,377000 ( 111.5% ),97,52 ( 115.6% ),53990070600,7354117,28
134,2011-09-03,3,0.001,9,0.001,1529,0.001,0.083,960500,245500 ( 34.3% ),127,30 ( 30.9% ),53991031100,7354244,38
135,2011-09-04,3,0.001,9,0.001,1529,0.001,0.054,621000,-339500 ( -35.3% ),83,-44 ( -34.6% ),53991652100,7354327,38
136,2011-09-05,3,0.001,9,0.001,1912,0.001,0.031,436000,-185000 ( -29.8% ),59,-24 ( -28.9% ),53992088100,7354386,32
137,2011-09-06,3,0.001,7,0.001,1293,0.001,0.036,356000,-80000 ( -18.3% ),46,-13 ( -22.0% ),53992444100,7354432,35
138,2011-09-07,1,0.0,1,0.0,907,0.0,0.001,4000,-352000 ( -98.9% ),1,-45 ( -97.8% ),53992448100,7354433,69
139,2011-09-08,1,0.0,1,0.0,907,0.0,0.008,56000,52000 ( 1300.0% ),7,6 ( 600.0% ),53992504100,7354440,49
140,2011-09-09,1,0.0,1,0.0,907,0.0,0.031,240000,184000 ( 328.6% ),28,21 ( 300.0% ),53992744100,7354468,33
141,2011-09-10,8,0.002,14,0.001,2613,0.001,0.196,4378500,4138500 ( 1724.4% ),512,484 ( 1728.6% ),53997122600,7354980,18
142,2011-09-11,9,0.003,14,0.001,2556,0.001,0.2,4298000,-80500 ( -1.8% ),511,-1 ( -0.2% ),54001420600,7355491,18
143,2011-09-12,9,0.002,14,0.001,2556,0.001,0.417,9023000,4725000 ( 109.9% ),1066,555 ( 108.6% ),54010443600,7356557,18
144,2011-09-13,7,0.002,11,0.001,1955,0.001,0.414,6900500,-2122500 ( -23.5% ),810,-256 ( -24.0% ),54017344100,7357367,18
145,2011-09-14,1,0.0,1,0.0,354,0.0,0.071,181000,-6719500 ( -97.4% ),25,-785 ( -96.9% ),54017525100,7357392,35
146,2011-09-26,2,0.001,7,0.001,1222,0.001,0.589,3530000,3530000 ( 100.0% ),720,720 ( 100.0% ),54021055100,7358112,15
147,2011-09-27,2,0.001,7,0.001,1222,0.001,0.622,3760000,230000 ( 6.5% ),760,40 ( 5.6% ),54024815100,7358872,17
148,2011-09-28,2,0.001,7,0.001,1222,0.001,0.597,3600000,-160000 ( -4.3% ),730,-30 ( -3.9% ),54028415100,7359602,16
149,2011-10-07,1,0.0,4,0.0,1200,0.001,0.332,806000,806000 ( 100.0% ),398,398 ( 100.0% ),54029221100,7360000,16
150,2011-10-08,1,0.0,5,0.0,1500,0.001,0.363,1123000,317000 ( 39.3% ),544,146 ( 36.7% ),54030344100,7360544,18
151,2011-10-09,1,0.0,5,0.0,1500,0.001,0.26,805000,-318000 ( -28.3% ),390,-154 ( -28.3% ),54031149100,7360934,22
152,2011-10-10,2,0.001,6,0.001,1672,0.001,0.225,759000,-46000 ( -5.7% ),377,-13 ( -3.3% ),54031908100,7361311,16
153,2011-10-11,1,0.0,4,0.0,1200,0.001,0.303,726000,-33000 ( -4.3% ),363,-14 ( -3.7% ),54032634100,7361674,15
154,2011-10-12,1,0.0,3,0.0,900,0.0,0.444,810000,84000 ( 11.6% ),400,37 ( 10.2% ),54033444100,7362074,16
155,2011-10-13,1,0.0,3,0.0,900,0.0,0.437,791000,-19000 ( -2.3% ),393,-7 ( -1.8% ),54034235100,7362467,13
156,2011-11-30,1,0.0,1,0.0,318,0.0,0.0,0,0 ( 0.0% ),0,0 ( 0.0% ),54034235100,7362467,71
157,2011-12-22,1,0.0,1,0.0,206,0.0,0.922,1330000,1330000 ( 100.0% ),190,190 ( 100.0% ),54035565100,7362657,22
158,2012-09-24,1,0.0,2,0.0,240,0.0,0.021,27000,27000 ( 100.0% ),5,5 ( 100.0% ),54035592100,7362662,88
159,2012-09-25,1,0.0,2,0.0,240,0.0,0.071,83000,56000 ( 207.4% ),17,12 ( 240.0% ),54035675100,7362679,58
160,2012-09-26,1,0.0,2,0.0,240,0.0,0.163,199000,116000 ( 139.8% ),39,22 ( 129.4% ),54035874100,7362718,39
161,2012-09-27,1,0.0,1,0.0,120,0.0,0.042,26000,-173000 ( -86.9% ),5,-34 ( -87.2% ),54035900100,7362723,69
162,2013-05-04,1,0.0,1,0.0,66,0.0,1.0,528000,528000 ( 100.0% ),66,66 ( 100.0% ),54036428100,7362789,45
163,2014-06-09,1,0.0,1,0.0,110,0.0,0.009,5000,5000 ( 100.0% ),1,1 ( 100.0% ),54036433100,7362790,73
164,2014-06-12,2,0.001,3,0.0,326,0.0,0.077,147000,147000 ( 100.0% ),25,25 ( 100.0% ),54036580100,7362815,52
165,2014-06-17,1,0.0,1,0.0,110,0.0,0.018,14000,14000 ( 100.0% ),2,2 ( 100.0% ),54036594100,7362817,76
166,2015-10-31,1,0.0,1,0.0,173,0.0,0.977,1003600,1003600 ( 100.0% ),169,169 ( 100.0% ),54037597700,7362986,37
167,2015-11-04,1,0.0,1,0.0,162,0.0,0.012,12000,12000 ( 100.0% ),2,2 ( 100.0% ),54037609700,7362988,108
168,2015-11-06,1,0.0,1,0.0,162,0.0,0.062,66000,66000 ( 100.0% ),10,10 ( 100.0% ),54037675700,7362998,74
169,2016-04-07,1,0.0,1,0.0,85,0.0,0.024,8000,8000 ( 100.0% ),2,2 ( 100.0% ),54037683700,7363000,96
170,2016-04-09,1,0.0,1,0.0,85,0.0,0.118,77000,77000 ( 100.0% ),10,10 ( 100.0% ),54037760700,7363010,86
171,2017-11-15,1,0.0,1,0.0,129,0.0,1.0,774000,774000 ( 100.0% ),129,129 ( 100.0% ),54038534700,7363139,51
172,2022-10-15,1,0.0,1,0.0,66,0.0,0.015,8000,8000 ( 100.0% ),1,1 ( 100.0% ),54038542700,7363140,137
173,2022-10-16,1,0.0,1,0.0,66,0.0,0.015,8000,0 ( 0.0% ),1,0 ( 0.0% ),54038550700,7363141,116
174,2022-10-17,1,0.0,1,0.0,66,0.0,0.015,6500,-1500 ( -18.8% ),1,0 ( 0.0% ),54038557200,7363142,102
