,날짜,스크린수,스크린점유율,상영횟수,상영점유율,좌석수,좌석점유율,좌석판매율,매출액,매출액증감(전일대비),관객수,관객수증감(전일대비),누적매출액,누적관객수,순위
0,2009-12-11,3,0.001,3,0.0,850,0.0,1.0,8500000,8500000 ( 100.0% ),850,850 ( 100.0% ),8500000,850,16
1,2009-12-15,1,0.0,1,0.0,212,0.0,0.943,2000000,2000000 ( 100.0% ),200,200 ( 100.0% ),10500000,1050,23
2,2009-12-16,552,0.173,1172,0.103,259478,0.128,0.267,590212500,588212500 ( 29410.6% ),69343,69143 ( 34571.5% ),600712500,70393,1
3,2009-12-17,724,0.267,3275,0.299,750478,0.39,0.274,1704532500,1114320000 ( 188.8% ),205303,135960 ( 196.1% ),2305245000,275696,1
4,2009-12-18,765,0.275,3465,0.304,784878,0.395,0.316,2114380000,409847500 ( 24.0% ),247836,42533 ( 20.7% ),4419625000,523532,1
5,2009-12-19,917,0.298,3986,0.332,880114,0.42,0.629,4506282500,2391902500 ( 113.1% ),553246,305410 ( 123.2% ),8925907500,1076778,1
6,2009-12-20,861,0.289,3844,0.33,848063,0.418,0.697,4806380500,300098000 ( 6.7% ),590767,37521 ( 6.8% ),13732288000,1667545,1
7,2009-12-21,715,0.266,3326,0.307,758279,0.398,0.267,1766510500,-3039870000 ( -63.2% ),202811,-387956 ( -65.7% ),15498798500,1870356,1
8,2009-12-22,736,0.235,3270,0.302,729957,0.383,0.27,1699624000,-66886500 ( -3.8% ),197348,-5463 ( -2.7% ),17198422500,2067704,1
9,2009-12-23,639,0.248,2867,0.257,574765,0.291,0.321,1600486000,-99138000 ( -5.8% ),184713,-12635 ( -6.4% ),18798908500,2252417,1
10,2009-12-24,676,0.253,3209,0.258,641722,0.292,0.579,3152187000,1551701000 ( 97.0% ),371288,186575 ( 101.0% ),21951095500,2623705,1
11,2009-12-25,726,0.259,3466,0.27,688121,0.305,0.875,4891223000,1739036000 ( 55.2% ),602123,230835 ( 62.2% ),26842318500,3225828,1
12,2009-12-26,727,0.26,3462,0.275,703041,0.318,0.77,4480779500,-410443500 ( -8.4% ),541408,-60715 ( -10.1% ),31323098000,3767236,1
13,2009-12-27,722,0.263,3255,0.275,666273,0.318,0.668,3725821000,-754958500 ( -16.8% ),445384,-96024 ( -17.7% ),35048919000,4212620,1
14,2009-12-28,638,0.252,2917,0.263,611383,0.311,0.328,1805654000,-1920167000 ( -51.5% ),200233,-245151 ( -55.0% ),36854573000,4412853,1
15,2009-12-29,652,0.252,2950,0.264,615496,0.312,0.327,1794092000,-11562000 ( -0.6% ),201280,1047 ( 0.5% ),38648665000,4614133,1
16,2009-12-30,632,0.225,2913,0.254,618321,0.306,0.342,1900017500,105925500 ( 5.9% ),211480,10200 ( 5.1% ),40548682500,4825613,1
17,2009-12-31,669,0.253,3261,0.26,704064,0.319,0.462,2892482000,992464500 ( 52.2% ),325054,113574 ( 53.7% ),43441164500,5150667,1
18,2010-01-01,707,0.261,3424,0.271,731393,0.33,0.741,4632694000,1740212000 ( 60.2% ),542043,216989 ( 66.8% ),48073858500,5692710,1
19,2010-01-02,714,0.261,3436,0.272,735295,0.332,0.714,4498893500,-133800500 ( -2.9% ),525321,-16722 ( -3.1% ),52572752000,6218031,1
20,2010-01-03,701,0.259,3225,0.27,692051,0.33,0.61,3653625000,-845268500 ( -18.8% ),421861,-103460 ( -19.7% ),56226377000,6639892,1
21,2010-01-04,641,0.25,2927,0.264,635553,0.323,0.244,1498596500,-2155028500 ( -59.0% ),155207,-266654 ( -63.2% ),57724973500,6795099,1
22,2010-01-05,637,0.245,2914,0.262,630897,0.32,0.228,1395756000,-102840500 ( -6.9% ),144073,-11134 ( -7.2% ),59120729500,6939172,1
23,2010-01-06,642,0.248,2905,0.263,628178,0.322,0.208,1275029500,-120726500 ( -8.6% ),130557,-13516 ( -9.4% ),60395759000,7069729,1
24,2010-01-07,561,0.213,2540,0.218,552691,0.269,0.224,1232975500,-42054000 ( -3.3% ),124056,-6501 ( -5.0% ),61628734500,7193785,1
25,2010-01-08,573,0.215,2657,0.22,576538,0.272,0.265,1533288500,300313000 ( 24.4% ),152543,28487 ( 23.0% ),63162023000,7346328,1
26,2010-01-09,609,0.207,2874,0.224,616297,0.275,0.568,3181448000,1648159500 ( 107.5% ),349819,197276 ( 129.3% ),66343471000,7696147,1
27,2010-01-10,606,0.207,2750,0.223,591167,0.274,0.576,3051976000,-129472000 ( -4.1% ),340722,-9097 ( -2.6% ),69395447000,8036869,1
28,2010-01-11,567,0.215,2560,0.226,554846,0.277,0.232,1282480000,-1769496000 ( -58.0% ),128733,-211989 ( -62.2% ),70677927000,8165602,1
29,2010-01-12,570,0.214,2557,0.225,553833,0.276,0.23,1267368500,-15111500 ( -1.2% ),127157,-1576 ( -1.2% ),71945295500,8292759,1
30,2010-01-13,550,0.199,2470,0.213,534439,0.262,0.214,1156537000,-110831500 ( -8.7% ),114369,-12788 ( -10.1% ),73101832500,8407128,1
31,2010-01-14,491,0.175,2188,0.183,485062,0.231,0.233,1146891000,-9646000 ( -0.8% ),112802,-1567 ( -1.4% ),74248723500,8519930,1
32,2010-01-15,502,0.176,2309,0.185,511265,0.233,0.272,1427920500,281029500 ( 24.5% ),139134,26332 ( 23.3% ),75676644000,8659064,1
33,2010-01-16,531,0.176,2510,0.189,550683,0.238,0.55,2843015000,1415094500 ( 99.1% ),302779,163645 ( 117.6% ),78519659000,8961843,1
34,2010-01-17,526,0.176,2391,0.187,526388,0.236,0.539,2636508500,-206506500 ( -7.3% ),283666,-19113 ( -6.3% ),81156167500,9245509,1
35,2010-01-18,500,0.175,2238,0.19,495059,0.239,0.214,1082273500,-1554235000 ( -59.0% ),105930,-177736 ( -62.7% ),82238441000,9351439,1
36,2010-01-19,498,0.173,2200,0.191,481484,0.238,0.211,1032868000,-49405500 ( -4.6% ),101446,-4484 ( -4.2% ),83271309000,9452885,1
37,2010-01-20,503,0.162,2204,0.188,484433,0.235,0.202,1005338000,-27530000 ( -2.7% ),98094,-3352 ( -3.3% ),84276647000,9550979,1
38,2010-01-21,438,0.153,1949,0.164,415905,0.197,0.225,968609500,-36728500 ( -3.7% ),93770,-4324 ( -4.4% ),85245256500,9644749,1
39,2010-01-22,439,0.152,2051,0.167,436194,0.2,0.258,1187742500,219133000 ( 22.6% ),112707,18937 ( 20.2% ),86432999000,9757456,1
40,2010-01-23,479,0.156,2226,0.17,472567,0.206,0.55,2530268000,1342525500 ( 113.0% ),259813,147106 ( 130.5% ),88963267000,10017269,1
41,2010-01-24,484,0.158,2143,0.171,453830,0.205,0.595,2562885500,32617500 ( 1.3% ),270039,10226 ( 3.9% ),91526152500,10287308,1
42,2010-01-25,444,0.154,1964,0.171,419098,0.205,0.272,1186002500,-1376883000 ( -53.7% ),114092,-155947 ( -57.7% ),92712155000,10401400,1
43,2010-01-26,451,0.155,1983,0.173,420367,0.205,0.267,1159503000,-26499500 ( -2.2% ),112330,-1762 ( -1.5% ),93871658000,10513730,1
44,2010-01-27,454,0.156,1973,0.173,421316,0.208,0.25,1091670000,-67833000 ( -5.9% ),105389,-6941 ( -6.2% ),94963328000,10619119,1
45,2010-01-28,367,0.128,1564,0.128,319704,0.147,0.299,1010990500,-80679500 ( -7.4% ),95446,-9943 ( -9.4% ),95974318500,10714565,2
46,2010-01-29,365,0.128,1650,0.13,335221,0.149,0.343,1237931500,226941000 ( 22.4% ),114873,19427 ( 20.4% ),97212250000,10829438,1
47,2010-01-30,405,0.131,1818,0.136,365858,0.155,0.625,2310146500,1072215000 ( 86.6% ),228575,113702 ( 99.0% ),99522396500,11058013,1
48,2010-01-31,398,0.132,1728,0.135,348102,0.154,0.62,2149329000,-160817500 ( -7.0% ),215946,-12629 ( -5.5% ),101671725500,11273959,1
49,2010-02-01,368,0.131,1575,0.135,321952,0.154,0.25,876919000,-1272410000 ( -59.2% ),80505,-135441 ( -62.7% ),102548644500,11354464,2
50,2010-02-02,373,0.132,1564,0.136,317068,0.154,0.23,797040000,-79879000 ( -9.1% ),72873,-7632 ( -9.5% ),103345684500,11427337,2
51,2010-02-03,370,0.132,1574,0.137,319584,0.155,0.205,723655500,-73384500 ( -9.2% ),65436,-7437 ( -10.2% ),104069340000,11492773,2
52,2010-02-04,319,0.117,1429,0.124,283108,0.136,0.201,643647000,-80008500 ( -11.1% ),56776,-8660 ( -13.2% ),104712987000,11549549,3
53,2010-02-05,331,0.12,1529,0.127,299454,0.138,0.218,753283000,109636000 ( 17.0% ),65228,8452 ( 14.9% ),105466270000,11614777,3
54,2010-02-06,351,0.121,1665,0.129,323962,0.141,0.455,1620364000,867081000 ( 115.1% ),147512,82284 ( 126.1% ),107086634000,11762289,3
55,2010-02-07,350,0.121,1585,0.128,308611,0.139,0.495,1604466500,-15897500 ( -1.0% ),152611,5099 ( 3.5% ),108691100500,11914900,2
56,2010-02-08,331,0.125,1452,0.132,284448,0.142,0.151,497660000,-1106806500 ( -69.0% ),43023,-109588 ( -71.8% ),109188760500,11957923,3
57,2010-02-09,333,0.124,1423,0.128,282084,0.14,0.145,471157500,-26502500 ( -5.3% ),40937,-2086 ( -4.8% ),109659918000,11998860,3
58,2010-02-10,333,0.123,1428,0.127,282762,0.139,0.146,474932000,3774500 ( 0.8% ),41312,375 ( 0.9% ),110134850000,12040172,3
59,2010-02-11,272,0.103,984,0.079,191985,0.086,0.191,437426000,-37506000 ( -7.9% ),36622,-4690 ( -11.4% ),110572276000,12076794,4
60,2010-02-12,274,0.103,1059,0.08,205342,0.087,0.317,761362000,323936000 ( 74.1% ),65154,28532 ( 77.9% ),111333638000,12141948,4
61,2010-02-13,297,0.106,1159,0.085,223513,0.092,0.466,1183331500,421969500 ( 55.4% ),104177,39023 ( 59.9% ),112516969500,12246125,3
62,2010-02-14,298,0.107,1156,0.086,222830,0.092,0.528,1359724000,176392500 ( 14.9% ),117721,13544 ( 13.0% ),113876693500,12363846,4
63,2010-02-15,300,0.106,1132,0.084,217703,0.091,0.651,1551032000,191308000 ( 14.1% ),141656,23935 ( 20.3% ),115427725500,12505502,4
64,2010-02-16,290,0.108,1051,0.083,204116,0.09,0.369,842758000,-708274000 ( -45.7% ),75350,-66306 ( -46.8% ),116270483500,12580852,4
65,2010-02-17,287,0.108,1012,0.083,196400,0.089,0.189,432058000,-410700000 ( -48.7% ),37154,-38196 ( -50.7% ),116702541500,12618006,4
66,2010-02-18,220,0.078,803,0.066,165194,0.075,0.169,336936000,-95122000 ( -22.0% ),27937,-9217 ( -24.8% ),117039477500,12645943,5
67,2010-02-19,223,0.08,839,0.066,172164,0.075,0.198,413407000,76471000 ( 22.7% ),34024,6087 ( 21.8% ),117452884500,12679967,5
68,2010-02-20,227,0.078,913,0.068,183112,0.076,0.393,841605500,428198500 ( 103.6% ),72015,37991 ( 111.7% ),118294490000,12751982,5
69,2010-02-21,230,0.08,864,0.068,173866,0.076,0.389,768246500,-73359000 ( -8.7% ),67569,-4446 ( -6.2% ),119062736500,12819551,5
70,2010-02-22,217,0.078,777,0.065,158697,0.074,0.157,297263000,-470983500 ( -61.3% ),24891,-42678 ( -63.2% ),119359999500,12844442,5
71,2010-02-23,219,0.078,781,0.065,160210,0.075,0.154,293391500,-3871500 ( -1.3% ),24618,-273 ( -1.1% ),119653391000,12869060,5
72,2010-02-24,217,0.077,773,0.066,158436,0.075,0.136,258637000,-34754500 ( -11.8% ),21523,-3095 ( -12.6% ),119912028000,12890583,5
73,2010-02-25,190,0.071,650,0.053,135139,0.062,0.149,244914000,-13723000 ( -5.3% ),20087,-1436 ( -6.7% ),120156942000,12910670,5
74,2010-02-26,187,0.069,677,0.054,141679,0.063,0.152,264017500,19103500 ( 7.8% ),21516,1429 ( 7.1% ),120420959500,12932186,5
75,2010-02-27,197,0.07,743,0.055,151392,0.063,0.307,558876500,294859000 ( 111.7% ),46543,25027 ( 116.3% ),120979836000,12978729,5
76,2010-02-28,196,0.071,745,0.056,151725,0.064,0.404,730742000,171865500 ( 30.8% ),61321,14778 ( 31.8% ),121710578000,13040050,5
77,2010-03-01,193,0.07,690,0.054,138529,0.061,0.41,643660500,-87081500 ( -11.9% ),56785,-4536 ( -7.4% ),122354238500,13096835,5
78,2010-03-02,176,0.068,605,0.056,125473,0.064,0.084,129518500,-514142000 ( -79.9% ),10503,-46282 ( -81.5% ),122483757000,13107338,5
79,2010-03-03,178,0.068,598,0.056,123640,0.064,0.084,127984500,-1534000 ( -1.2% ),10344,-159 ( -1.5% ),122611741500,13117682,4
80,2010-03-04,76,0.029,192,0.017,34285,0.017,0.153,65424500,-62560000 ( -48.9% ),5238,-5106 ( -49.4% ),122677166000,13122920,7
81,2010-03-05,77,0.029,211,0.018,36824,0.017,0.187,86185500,20761000 ( 31.7% ),6877,1639 ( 31.3% ),122763351500,13129797,7
82,2010-03-06,82,0.029,235,0.018,40944,0.017,0.379,191121500,104936000 ( 121.8% ),15528,8651 ( 125.8% ),122954473000,13145325,8
83,2010-03-07,81,0.029,231,0.018,40076,0.018,0.414,197286000,6164500 ( 3.2% ),16575,1047 ( 6.7% ),123151759000,13161900,8
84,2010-03-08,74,0.029,193,0.018,35104,0.018,0.154,67129500,-130156500 ( -66.0% ),5403,-11172 ( -67.4% ),123218888500,13167303,6
85,2010-03-09,75,0.029,205,0.02,36333,0.019,0.155,69261500,2132000 ( 3.2% ),5640,237 ( 4.4% ),123288150000,13172943,6
86,2010-03-10,79,0.03,200,0.018,35451,0.018,0.157,67532500,-1729000 ( -2.5% ),5583,-57 ( -1.0% ),123355682500,13178526,7
87,2010-03-11,51,0.02,128,0.011,22166,0.011,0.161,43897500,-23635000 ( -35.0% ),3562,-2021 ( -36.2% ),123399580000,13182088,10
88,2010-03-12,50,0.019,129,0.011,22514,0.01,0.214,59516000,15618500 ( 35.6% ),4809,1247 ( 35.0% ),123459096000,13186897,10
89,2010-03-13,55,0.02,139,0.01,23436,0.01,0.467,131989500,72473500 ( 121.8% ),10953,6144 ( 127.8% ),123591085500,13197850,10
90,2010-03-14,54,0.02,132,0.01,22306,0.01,0.468,124571500,-7418000 ( -5.6% ),10445,-508 ( -4.6% ),123715657000,13208295,10
91,2010-03-15,51,0.02,125,0.011,21727,0.011,0.165,44153000,-80418500 ( -64.6% ),3576,-6869 ( -65.8% ),123759810000,13211871,10
92,2010-03-16,51,0.02,131,0.012,22934,0.011,0.16,45272000,1119000 ( 2.5% ),3677,101 ( 2.8% ),123805082000,13215548,7
93,2010-03-17,51,0.02,130,0.012,22590,0.011,0.15,41878500,-3393500 ( -7.5% ),3396,-281 ( -7.6% ),123846960500,13218944,8
94,2010-03-18,29,0.011,72,0.006,14132,0.007,0.151,26532000,-15346500 ( -36.6% ),2134,-1262 ( -37.2% ),123873492500,13221078,9
95,2010-03-19,30,0.011,79,0.007,15128,0.007,0.187,35420000,8888000 ( 33.5% ),2823,689 ( 32.3% ),123908912500,13223901,9
96,2010-03-20,31,0.011,87,0.007,16362,0.007,0.378,76571500,41151500 ( 116.2% ),6185,3362 ( 119.1% ),123985484000,13230086,9
97,2010-03-21,32,0.012,88,0.007,16687,0.007,0.394,79642000,3070500 ( 4.0% ),6583,398 ( 6.4% ),124065126000,13236669,9
98,2010-03-22,29,0.011,71,0.006,14371,0.007,0.144,25280000,-54362000 ( -68.3% ),2074,-4509 ( -68.5% ),124090406000,13238743,10
99,2010-03-23,29,0.011,72,0.007,14342,0.007,0.164,29034000,3754000 ( 14.8% ),2357,283 ( 13.6% ),124119440000,13241100,10
100,2010-03-24,29,0.011,72,0.007,14152,0.007,0.163,28781500,-252500 ( -0.9% ),2310,-47 ( -2.0% ),124148221500,13243410,9
101,2010-03-25,21,0.008,63,0.006,12201,0.006,0.126,18718000,-10063500 ( -35.0% ),1535,-775 ( -33.5% ),124166939500,13244945,14
102,2010-03-26,22,0.008,66,0.006,12529,0.006,0.172,26616000,7898000 ( 42.2% ),2154,619 ( 40.3% ),124193555500,13247099,14
103,2010-03-27,22,0.008,67,0.005,13142,0.006,0.375,59850000,33234000 ( 124.9% ),4931,2777 ( 128.9% ),124253405500,13252030,12
104,2010-03-28,22,0.008,65,0.005,12868,0.006,0.355,54183000,-5667000 ( -9.5% ),4570,-361 ( -7.3% ),124307588500,13256600,11
105,2010-03-29,22,0.009,63,0.006,12965,0.007,0.134,21849000,-32334000 ( -59.7% ),1742,-2828 ( -61.9% ),124329437500,13258342,13
106,2010-03-30,22,0.008,63,0.006,11563,0.006,0.132,18979000,-2870000 ( -13.1% ),1523,-219 ( -12.6% ),124348416500,13259865,17
107,2010-03-31,22,0.008,63,0.006,11703,0.006,0.168,24494000,5515000 ( 29.1% ),1971,448 ( 29.4% ),124372910500,13261836,16
108,2010-04-01,12,0.005,40,0.004,8198,0.004,0.129,13791000,-10703000 ( -43.7% ),1055,-916 ( -46.5% ),124386701500,13262891,13
109,2010-04-02,12,0.005,41,0.003,8434,0.004,0.164,18354000,4563000 ( 33.1% ),1383,328 ( 31.1% ),124405055500,13264274,12
110,2010-04-03,14,0.005,43,0.003,8612,0.004,0.395,44544000,26190000 ( 142.7% ),3406,2023 ( 146.3% ),124449599500,13267680,10
111,2010-04-04,14,0.005,41,0.003,8230,0.004,0.398,41878000,-2666000 ( -6.0% ),3276,-130 ( -3.8% ),124491477500,13270956,10
112,2010-04-05,11,0.004,36,0.003,7849,0.004,0.139,14201000,-27677000 ( -66.1% ),1090,-2186 ( -66.7% ),124505678500,13272046,13
113,2010-04-06,11,0.004,39,0.004,8105,0.004,0.137,14788000,587000 ( 4.1% ),1109,19 ( 1.7% ),124520466500,13273155,13
114,2010-04-07,11,0.004,37,0.003,7699,0.004,0.136,13906000,-882000 ( -6.0% ),1046,-63 ( -5.7% ),124534372500,13274201,13
115,2010-04-08,7,0.003,22,0.002,4578,0.002,0.133,8371000,-5535000 ( -39.8% ),608,-438 ( -41.9% ),124542743500,13274809,16
116,2010-04-09,7,0.003,22,0.002,4578,0.002,0.219,13680000,5309000 ( 63.4% ),1002,394 ( 64.8% ),124556423500,13275811,11
117,2010-04-10,11,0.004,29,0.002,5839,0.002,0.395,30457000,16777000 ( 122.6% ),2307,1305 ( 130.2% ),124586880500,13278118,11
118,2010-04-11,11,0.004,28,0.002,5700,0.003,0.361,26424000,-4033000 ( -13.2% ),2056,-251 ( -10.9% ),124613304500,13280174,10
119,2010-04-12,7,0.003,20,0.002,5049,0.003,0.086,5391000,-21033000 ( -79.6% ),433,-1623 ( -78.9% ),124618695500,13280607,19
120,2010-04-13,8,0.003,24,0.002,5488,0.003,0.11,7676000,2285000 ( 42.4% ),606,173 ( 40.0% ),124626371500,13281213,15
121,2010-04-14,9,0.004,26,0.002,5561,0.003,0.118,8257000,581000 ( 7.6% ),655,49 ( 8.1% ),124634628500,13281868,12
122,2010-04-15,7,0.003,19,0.002,3657,0.002,0.105,4843000,-3414000 ( -41.3% ),385,-270 ( -41.2% ),124639471500,13282253,21
123,2010-04-16,7,0.003,20,0.002,3957,0.002,0.183,9379000,4536000 ( 93.7% ),723,338 ( 87.8% ),124648850500,13282976,15
124,2010-04-17,9,0.003,24,0.002,4656,0.002,0.34,20082000,10703000 ( 114.1% ),1581,858 ( 118.7% ),124668932500,13284557,16
125,2010-04-18,9,0.003,23,0.002,4275,0.002,0.347,18136000,-1946000 ( -9.7% ),1484,-97 ( -6.1% ),124687068500,13286041,16
126,2010-04-19,7,0.003,20,0.002,3957,0.002,0.124,6163000,-11973000 ( -66.0% ),490,-994 ( -67.0% ),124693231500,13286531,19
127,2010-04-20,6,0.002,19,0.002,3818,0.002,0.13,6207000,44000 ( 0.7% ),495,5 ( 1.0% ),124699438500,13287026,18
128,2010-04-21,7,0.003,20,0.002,3957,0.002,0.125,6216000,9000 ( 0.1% ),496,1 ( 0.2% ),124705654500,13287522,16
129,2010-04-22,6,0.002,18,0.002,3632,0.002,0.109,5105000,-1111000 ( -17.9% ),395,-101 ( -20.4% ),124710759500,13287917,18
130,2010-04-23,7,0.003,23,0.002,5406,0.003,0.121,8735000,3630000 ( 71.1% ),654,259 ( 65.6% ),124719494500,13288571,15
131,2010-04-24,8,0.003,27,0.002,6449,0.003,0.281,24118000,15383000 ( 176.1% ),1812,1158 ( 177.1% ),124743612500,13290383,14
132,2010-04-25,8,0.003,25,0.002,5752,0.003,0.277,20787000,-3331000 ( -13.8% ),1596,-216 ( -11.9% ),124764399500,13291979,14
133,2010-04-26,7,0.003,22,0.002,5009,0.003,0.118,7969000,-12818000 ( -61.7% ),590,-1006 ( -63.0% ),124772368500,13292569,16
134,2010-04-27,7,0.003,23,0.002,5617,0.003,0.114,8847000,878000 ( 11.0% ),642,52 ( 8.8% ),124781215500,13293211,19
135,2010-04-28,7,0.002,22,0.002,5106,0.003,0.143,10033000,1186000 ( 13.4% ),731,89 ( 13.9% ),124791248500,13293942,18
136,2010-04-29,4,0.001,15,0.001,2305,0.001,0.144,4098000,-5935000 ( -59.2% ),332,-399 ( -54.6% ),124795346500,13294274,15
137,2010-04-30,4,0.001,17,0.001,2678,0.001,0.173,5710000,1612000 ( 39.3% ),462,130 ( 39.2% ),124801056500,13294736,14
138,2010-05-01,4,0.001,17,0.001,2609,0.001,0.475,15031000,9321000 ( 163.2% ),1240,778 ( 168.4% ),124816087500,13295976,12
139,2010-05-02,4,0.001,18,0.001,2726,0.001,0.445,14028000,-1003000 ( -6.7% ),1214,-26 ( -2.1% ),124830115500,13297190,12
140,2010-05-03,3,0.001,11,0.001,1837,0.001,0.16,3523000,-10505000 ( -74.9% ),294,-920 ( -75.8% ),124833638500,13297484,18
141,2010-05-04,4,0.001,17,0.001,2609,0.001,0.361,11310000,7787000 ( 221.0% ),942,648 ( 220.4% ),124844948500,13298426,12
142,2010-05-06,1,0.0,5,0.0,585,0.0,0.222,1610000,1610000 ( 100.0% ),130,130 ( 100.0% ),124846558500,13298556,20
143,2010-05-07,1,0.0,5,0.0,585,0.0,0.479,3350000,1740000 ( 108.1% ),280,150 ( 115.4% ),124849908500,13298836,16
144,2010-05-08,1,0.0,5,0.0,585,0.0,0.715,4917000,1567000 ( 46.8% ),418,138 ( 49.3% ),124854825500,13299254,15
145,2010-05-09,1,0.0,5,0.0,585,0.0,0.66,4491000,-426000 ( -8.7% ),386,-32 ( -7.7% ),124859316500,13299640,15
146,2010-05-11,1,0.0,5,0.0,585,0.0,0.332,2326000,2326000 ( 100.0% ),194,194 ( 100.0% ),124861642500,13299834,17
147,2010-05-12,1,0.0,5,0.0,585,0.0,0.311,2228000,-98000 ( -4.2% ),182,-12 ( -6.2% ),124863870500,13300016,18
148,2010-05-13,1,0.0,5,0.0,585,0.0,0.229,1671000,-557000 ( -25.0% ),134,-48 ( -26.4% ),124865541500,13300150,20
149,2010-05-14,1,0.0,4,0.0,468,0.0,0.387,2290000,619000 ( 37.0% ),181,47 ( 35.1% ),124867831500,13300331,19
150,2010-05-18,1,0.0,5,0.0,585,0.0,0.398,2801000,2801000 ( 100.0% ),233,233 ( 100.0% ),124870632500,13300564,21
151,2010-05-19,1,0.0,4,0.0,468,0.0,0.462,2541000,-260000 ( -9.3% ),216,-17 ( -7.3% ),124873173500,13300780,19
152,2010-06-10,1,0.0,1,0.0,110,0.0,0.355,195000,195000 ( 100.0% ),39,39 ( 100.0% ),124873368500,13300819,34
153,2010-06-11,1,0.0,1,0.0,110,0.0,0.236,132000,-63000 ( -32.3% ),26,-13 ( -33.3% ),124873500500,13300845,39
154,2010-06-14,1,0.0,1,0.0,110,0.0,0.218,121000,121000 ( 100.0% ),24,24 ( 100.0% ),124873621500,13300869,29
155,2010-06-15,1,0.0,1,0.0,110,0.0,0.245,138000,17000 ( 14.0% ),27,3 ( 12.5% ),124873759500,13300896,35
156,2010-06-16,1,0.0,1,0.0,110,0.0,0.155,85000,-53000 ( -38.4% ),17,-10 ( -37.0% ),124873844500,13300913,39
157,2010-07-21,1,0.0,1,0.0,336,0.0,0.857,4608000,4608000 ( 100.0% ),288,288 ( 100.0% ),124878452500,13301201,14
158,2010-07-26,1,0.0,1,0.0,336,0.0,0.857,4608000,4608000 ( 100.0% ),288,288 ( 100.0% ),124883060500,13301489,15
159,2010-07-27,1,0.0,4,0.0,644,0.0,0.382,3030000,-1578000 ( -34.2% ),246,-42 ( -14.6% ),124886090500,13301735,16
160,2010-07-28,1,0.0,4,0.0,644,0.0,0.37,2917000,-113000 ( -3.7% ),238,-8 ( -3.3% ),124889007500,13301973,15
161,2010-07-29,1,0.0,4,0.0,644,0.0,0.48,3741000,824000 ( 28.2% ),309,71 ( 29.8% ),124892748500,13302282,15
162,2010-07-30,1,0.0,4,0.0,644,0.0,0.523,4144000,403000 ( 10.8% ),337,28 ( 9.1% ),124896892500,13302619,15
163,2010-08-26,1,0.0,3,0.0,903,0.0,0.0,0,0 ( 0.0% ),0,0 ( 0.0% ),124896892500,13302619,73
164,2010-08-27,1,0.0,2,0.0,602,0.0,0.0,0,0 ( 0.0% ),0,0 ( 0.0% ),124896892500,13302619,74
165,2010-08-29,1,0.0,1,0.0,213,0.0,0.0,0,0 ( 0.0% ),0,0 ( 0.0% ),124896892500,13302619,73
166,2011-11-18,1,0.0,1,0.0,199,0.0,0.01,20000,20000 ( 100.0% ),2,2 ( 100.0% ),124896912500,13302621,58
167,2011-11-19,1,0.0,1,0.0,199,0.0,0.03,60000,40000 ( 200.0% ),6,4 ( 200.0% ),124896972500,13302627,69
168,2011-11-20,1,0.0,1,0.0,199,0.0,0.05,100000,40000 ( 66.7% ),10,4 ( 66.7% ),124897072500,13302637,57
169,2018-05-11,1,0.0,2,0.0,288,0.0,0.75,2736000,2736000 ( 100.0% ),216,216 ( 100.0% ),124899808500,13302853,25
170,2018-05-15,1,0.0,1,0.0,144,0.0,1.0,1728000,1728000 ( 100.0% ),144,144 ( 100.0% ),124901536500,13302997,32
171,2018-06-12,15,0.003,15,0.001,2717,0.001,0.536,12004000,12004000 ( 100.0% ),1455,1455 ( 100.0% ),124913540500,13304452,9
172,2018-06-13,1,0.0,1,0.0,117,0.0,0.103,148000,-11856000 ( -98.8% ),12,-1443 ( -99.2% ),124913688500,13304464,76
173,2018-06-14,2,0.0,3,0.0,310,0.0,0.039,134000,-14000 ( -9.5% ),12,0 ( 0.0% ),124913822500,13304476,80
174,2018-06-15,2,0.0,3,0.0,310,0.0,0.068,259000,125000 ( 93.3% ),21,9 ( 75.0% ),124914081500,13304497,68
175,2018-06-16,2,0.0,3,0.0,310,0.0,0.158,618500,359500 ( 138.8% ),49,28 ( 133.3% ),124914700000,13304546,53
176,2018-06-17,2,0.0,3,0.0,310,0.0,0.161,626000,7500 ( 1.2% ),50,1 ( 2.0% ),124915326000,13304596,42
177,2018-06-18,2,0.0,2,0.0,193,0.0,0.041,86000,-540000 ( -86.3% ),8,-42 ( -84.0% ),124915412000,13304604,67
178,2018-06-19,2,0.0,3,0.0,310,0.0,0.029,106000,20000 ( 23.3% ),9,1 ( 12.5% ),124915518000,13304613,76
179,2018-06-20,4,0.001,5,0.0,700,0.0,0.404,5044000,4938000 ( 4658.5% ),283,274 ( 3044.4% ),124920562000,13304896,23
180,2018-06-21,67,0.012,221,0.013,30091,0.011,0.11,34898000,29854000 ( 591.9% ),3296,3013 ( 1064.7% ),124955460000,13308192,10
181,2018-06-22,66,0.012,230,0.013,31019,0.011,0.107,39535000,4637000 ( 13.3% ),3334,38 ( 1.2% ),124994995000,13311526,10
182,2018-06-23,68,0.011,226,0.012,30497,0.01,0.221,78312500,38777500 ( 98.1% ),6729,3395 ( 101.8% ),125073307500,13318255,8
183,2018-06-24,68,0.011,217,0.012,29262,0.01,0.232,78926500,614000 ( 0.8% ),6800,71 ( 1.1% ),125152234000,13325055,7
184,2018-06-25,64,0.012,206,0.012,27934,0.01,0.063,18921500,-60005000 ( -76.0% ),1771,-5029 ( -74.0% ),125171155500,13326826,9
185,2018-06-26,66,0.012,206,0.012,28142,0.01,0.056,16528500,-2393000 ( -12.6% ),1565,-206 ( -11.6% ),125187684000,13328391,13
186,2018-06-27,30,0.005,96,0.006,12900,0.005,0.148,19374000,2845500 ( 17.2% ),1908,343 ( 21.9% ),125207058000,13330299,13
187,2018-06-28,28,0.005,82,0.005,11155,0.004,0.071,8495000,-10879000 ( -56.2% ),791,-1117 ( -58.5% ),125215553000,13331090,16
188,2018-06-29,29,0.005,92,0.005,12358,0.004,0.095,14084000,5589000 ( 65.8% ),1175,384 ( 48.5% ),125229637000,13332265,13
189,2018-06-30,30,0.005,91,0.005,12208,0.004,0.228,32233000,18149000 ( 128.9% ),2778,1603 ( 136.4% ),125261870000,13335043,12
190,2018-07-01,30,0.005,89,0.005,11812,0.004,0.196,26748000,-5485000 ( -17.0% ),2316,-462 ( -16.6% ),125288618000,13337359,13
191,2018-07-02,27,0.005,76,0.005,10077,0.004,0.072,7629000,-19119000 ( -71.5% ),728,-1588 ( -68.6% ),125296247000,13338087,13
192,2018-07-03,27,0.005,79,0.005,10476,0.004,0.074,8099000,470000 ( 6.2% ),776,48 ( 6.6% ),125304346000,13338863,17
