,날짜,스크린수,스크린점유율,상영횟수,상영점유율,좌석수,좌석점유율,좌석판매율,매출액,매출액증감(전일대비),관객수,관객수증감(전일대비),누적매출액,누적관객수,순위
0,2013-12-18,591,0.134,1603,0.132,302170,0.15,0.397,848513000,845533000,119949,119453,986563000,139892,1
1,2013-12-19,811,0.198,3524,0.276,714254,0.336,0.325,1570269000,721756000,232031,112082,2556832000,371923,1
2,2013-12-20,847,0.207,3807,0.287,766088,0.348,0.385,2124762000,554493000,294699,62668,4681594000,666622,1
3,2013-12-21,923,0.211,4301,0.3,868575,0.366,0.623,4024913000,1900151000,541408,246709,8706507000,1208030,1
4,2013-12-22,923,0.213,4205,0.301,851381,0.368,0.639,4030201500,5288500,543766,2358,12736708500,1751796,1
5,2013-12-23,877,0.219,4003,0.31,817259,0.38,0.337,1894913500,-2135288000,275388,-268378,14631622000,2027184,1
6,2013-12-24,840,0.189,4096,0.284,769023,0.323,0.581,3129499000,1234585500,446844,171456,17761121000,2474028,1
7,2013-12-25,874,0.187,4093,0.274,769077,0.312,0.833,4717009000,1587510000,640624,193780,22478130000,3114652,1
8,2013-12-26,831,0.186,3899,0.288,758247,0.338,0.366,1912729500,-2804279500,277583,-363041,24390859500,3392235,1
9,2013-12-27,864,0.193,4138,0.297,806061,0.35,0.421,2472885000,560155500,338987,61404,26863744500,3731222,1
10,2013-12-28,908,0.192,4423,0.303,880696,0.365,0.669,4362021000,1889136000,589020,250033,31225765500,4320242,1
11,2013-12-29,911,0.194,4346,0.305,867176,0.369,0.665,4246111000,-115910000,576727,-12293,35471876500,4896969,1
12,2013-12-30,860,0.201,4182,0.309,836877,0.375,0.388,2241073500,-2005037500,324659,-252068,37712950000,5221628,1
13,2013-12-31,836,0.197,4297,0.288,879211,0.358,0.529,3240448000,999374500,465419,140760,40953398000,5687047,1
14,2014-01-01,887,0.206,4448,0.303,914559,0.378,0.734,5079908000,1839460000,671427,206008,46033306000,6358474,1
15,2014-01-02,827,0.198,4096,0.291,853332,0.367,0.309,1850933000,-3228975000,263381,-408046,47884239000,6621855,1
16,2014-01-03,854,0.2,4228,0.295,875764,0.37,0.291,1915511000,64578000,254996,-8385,49799750000,6876851,1
17,2014-01-04,925,0.212,4604,0.31,948866,0.387,0.545,3919826500,2004315500,516834,261838,53719576500,7393685,1
18,2014-01-05,918,0.212,4484,0.31,925958,0.387,0.503,3487116000,-432710500,465470,-51364,57206692500,7859155,1
19,2014-01-06,827,0.204,4074,0.3,849938,0.377,0.195,1165864000,-2321252000,165786,-299684,58372556500,8024941,1
20,2014-01-07,830,0.2,4070,0.298,848477,0.375,0.191,1134065500,-31798500,161918,-3868,59506622000,8186859,1
21,2014-01-08,830,0.202,4056,0.3,843922,0.376,0.181,1065946500,-68119000,152479,-9439,60572568500,8339338,1
22,2014-01-09,718,0.163,3505,0.255,760556,0.334,0.164,873776000,-192170500,124551,-27928,61446344500,8463889,1
23,2014-01-10,728,0.163,3614,0.257,783985,0.337,0.192,1131725000,257949000,150195,25644,62578069500,8614084,1
24,2014-01-11,777,0.164,3742,0.255,805616,0.331,0.419,2559919500,1428194500,337871,187676,65137989000,8951955,1
25,2014-01-12,769,0.164,3617,0.254,781075,0.33,0.398,2330938500,-228981000,311145,-26726,67468927500,9263100,1
26,2014-01-13,704,0.164,3355,0.251,732928,0.33,0.146,748763500,-1582175000,106973,-204172,68217691000,9370073,1
27,2014-01-14,695,0.16,3340,0.249,729536,0.328,0.144,725985000,-22778500,104935,-2038,68943676000,9475008,1
28,2014-01-15,689,0.158,3275,0.242,718999,0.322,0.132,658615000,-67370000,95009,-9926,69602291000,9570017,1
29,2014-01-16,594,0.131,2538,0.182,543066,0.235,0.149,563863500,-94751500,80840,-14169,70166154500,9650857,2
30,2014-01-17,595,0.128,2568,0.179,548409,0.23,0.176,722573500,158710000,96539,15699,70888728000,9747396,2
31,2014-01-18,629,0.128,2607,0.174,535408,0.215,0.389,1575317000,852743500,208479,111940,72464045000,9955875,2
32,2014-01-19,612,0.125,2492,0.171,512555,0.212,0.402,1547171000,-28146000,205812,-2667,74011216000,10161687,2
33,2014-01-20,550,0.126,2383,0.176,492387,0.217,0.156,538779500,-1008391500,76804,-129008,74549995500,10238491,2
34,2014-01-21,542,0.121,2352,0.173,483163,0.213,0.156,526828500,-11951000,75348,-1456,75076824000,10313839,2
35,2014-01-22,343,0.091,1463,0.106,207472,0.09,0.234,337305500,-189523000,48570,-26778,75414129500,10362409,5
36,2014-01-23,338,0.087,1401,0.1,197534,0.085,0.232,317415500,-19890000,45821,-2749,75731545000,10408230,5
37,2014-01-24,363,0.092,1438,0.1,198325,0.083,0.27,399476000,82060500,53486,7665,76131021000,10461716,5
38,2014-01-25,369,0.087,1400,0.093,189853,0.076,0.566,809616000,410140000,107368,53882,76940637000,10569084,5
39,2014-01-26,371,0.089,1341,0.092,180214,0.074,0.555,743307500,-66308500,100031,-7337,77683944500,10669115,5
40,2014-01-27,352,0.092,1360,0.097,184032,0.079,0.214,269469500,-473838000,39435,-60596,77953414000,10708550,5
41,2014-01-28,352,0.091,1357,0.096,182915,0.078,0.213,267826000,-1643500,38943,-492,78221240000,10747493,5
42,2014-01-29,305,0.073,823,0.054,107718,0.043,0.433,312481500,44655500,46691,7748,78533721500,10794184,6
43,2014-01-30,344,0.077,889,0.056,116671,0.045,0.628,561735500,249254000,73313,26622,79095457000,10867497,6
44,2014-01-31,382,0.083,980,0.062,130530,0.05,0.715,728976000,167240500,93268,19955,79824433000,10960765,4
45,2014-02-01,410,0.086,1057,0.066,142174,0.053,0.758,825969500,96993500,107827,14559,80650402500,11068592,4
46,2014-02-02,402,0.085,993,0.064,134290,0.053,0.593,607504500,-218465000,79673,-28154,81257907000,11148265,6
47,2014-02-03,332,0.082,931,0.065,125225,0.052,0.273,238994000,-368510500,34192,-45481,81496901000,11182457,4
48,2014-02-04,332,0.081,924,0.066,124845,0.053,0.168,146394500,-92599500,20956,-13236,81643295500,11203413,5
49,2014-02-05,337,0.083,937,0.067,128905,0.055,0.143,128234000,-18160500,18448,-2508,81771529500,11221861,4
50,2014-02-06,295,0.07,763,0.053,105510,0.044,0.138,101634500,-26599500,14567,-3881,81873164000,11236428,6
51,2014-02-07,302,0.071,789,0.054,109860,0.045,0.148,120104500,18470000,16206,1639,81993268500,11252634,6
52,2014-02-08,289,0.064,720,0.046,95456,0.037,0.319,233983500,113879000,30429,14223,82227252000,11283063,8
53,2014-02-09,276,0.061,671,0.045,88837,0.036,0.32,216836000,-17147500,28386,-2043,82444088000,11311449,8
54,2014-02-10,278,0.068,672,0.049,89861,0.039,0.106,65688500,-151147500,9558,-18828,82509776500,11321007,6
55,2014-02-11,276,0.066,653,0.047,87256,0.038,0.109,65615500,-73000,9552,-6,82575392000,11330559,6
56,2014-02-12,282,0.067,670,0.048,90485,0.039,0.107,66150000,534500,9692,140,82641542000,11340251,6
57,2014-02-13,100,0.024,180,0.013,22933,0.01,0.124,19065500,-47084500,2834,-6858,82660607500,11343085,10
58,2014-02-14,104,0.025,188,0.013,24334,0.01,0.14,26035500,6970000,3417,583,82686643000,11346502,11
59,2014-02-15,83,0.019,145,0.009,18834,0.007,0.265,38746500,12711000,4993,1576,82725389500,11351495,11
60,2014-02-16,84,0.019,133,0.009,17318,0.007,0.247,32961000,-5785500,4276,-717,82758350500,11355771,11
61,2014-02-17,94,0.023,170,0.012,22195,0.009,0.109,16282000,-16679000,2420,-1856,82774632500,11358191,10
62,2014-02-18,98,0.023,167,0.012,21560,0.009,0.116,17157500,875500,2500,80,82791790000,11360691,12
63,2014-02-19,93,0.022,163,0.012,21678,0.009,0.088,13461500,-3696000,1913,-587,82805251500,11362604,13
