,날짜,스크린수,스크린점유율,상영횟수,상영점유율,좌석수,좌석점유율,좌석판매율,매출액,매출액증감(전일대비),관객수,관객수증감(전일대비),누적매출액,누적관객수,순위
0,2009-12-17,724,0.267,3275,0.299,750478,0.39,0.274,1704532500,1114320000,205303,135960,2305245000,275696,1
1,2009-12-18,765,0.275,3465,0.304,784878,0.395,0.316,2114380000,409847500,247836,42533,4419625000,523532,1
2,2009-12-19,917,0.298,3986,0.332,880114,0.42,0.629,4506282500,2391902500,553246,305410,8925907500,1076778,1
3,2009-12-20,861,0.289,3844,0.33,848063,0.418,0.697,4806380500,300098000,590767,37521,13732288000,1667545,1
4,2009-12-21,715,0.266,3326,0.307,758279,0.398,0.267,1766510500,-3039870000,202811,-387956,15498798500,1870356,1
5,2009-12-22,736,0.235,3270,0.302,729957,0.383,0.27,1699624000,-66886500,197348,-5463,17198422500,2067704,1
6,2009-12-23,639,0.248,2867,0.257,574765,0.291,0.321,1600486000,-99138000,184713,-12635,18798908500,2252417,1
7,2009-12-24,676,0.253,3209,0.258,641722,0.292,0.579,3152187000,1551701000,371288,186575,21951095500,2623705,1
8,2009-12-25,726,0.259,3466,0.27,688121,0.305,0.875,4891223000,1739036000,602123,230835,26842318500,3225828,1
9,2009-12-26,727,0.26,3462,0.275,703041,0.318,0.77,4480779500,-410443500,541408,-60715,31323098000,3767236,1
10,2009-12-27,722,0.263,3255,0.275,666273,0.318,0.668,3725821000,-754958500,445384,-96024,35048919000,4212620,1
11,2009-12-28,638,0.252,2917,0.263,611383,0.311,0.328,1805654000,-1920167000,200233,-245151,36854573000,4412853,1
12,2009-12-29,652,0.252,2950,0.264,615496,0.312,0.327,1794092000,-11562000,201280,1047,38648665000,4614133,1
13,2009-12-30,632,0.225,2913,0.254,618321,0.306,0.342,1900017500,105925500,211480,10200,40548682500,4825613,1
14,2009-12-31,669,0.253,3261,0.26,704064,0.319,0.462,2892482000,992464500,325054,113574,43441164500,5150667,1
15,2010-01-01,707,0.261,3424,0.271,731393,0.33,0.741,4632694000,1740212000,542043,216989,48073858500,5692710,1
16,2010-01-02,714,0.261,3436,0.272,735295,0.332,0.714,4498893500,-133800500,525321,-16722,52572752000,6218031,1
17,2010-01-03,701,0.259,3225,0.27,692051,0.33,0.61,3653625000,-845268500,421861,-103460,56226377000,6639892,1
18,2010-01-04,641,0.25,2927,0.264,635553,0.323,0.244,1498596500,-2155028500,155207,-266654,57724973500,6795099,1
19,2010-01-05,637,0.245,2914,0.262,630897,0.32,0.228,1395756000,-102840500,144073,-11134,59120729500,6939172,1
20,2010-01-06,642,0.248,2905,0.263,628178,0.322,0.208,1275029500,-120726500,130557,-13516,60395759000,7069729,1
21,2010-01-07,561,0.213,2540,0.218,552691,0.269,0.224,1232975500,-42054000,124056,-6501,61628734500,7193785,1
22,2010-01-08,573,0.215,2657,0.22,576538,0.272,0.265,1533288500,300313000,152543,28487,63162023000,7346328,1
23,2010-01-09,609,0.207,2874,0.224,616297,0.275,0.568,3181448000,1648159500,349819,197276,66343471000,7696147,1
24,2010-01-10,606,0.207,2750,0.223,591167,0.274,0.576,3051976000,-129472000,340722,-9097,69395447000,8036869,1
25,2010-01-11,567,0.215,2560,0.226,554846,0.277,0.232,1282480000,-1769496000,128733,-211989,70677927000,8165602,1
26,2010-01-12,570,0.214,2557,0.225,553833,0.276,0.23,1267368500,-15111500,127157,-1576,71945295500,8292759,1
27,2010-01-13,550,0.199,2470,0.213,534439,0.262,0.214,1156537000,-110831500,114369,-12788,73101832500,8407128,1
28,2010-01-14,491,0.175,2188,0.183,485062,0.231,0.233,1146891000,-9646000,112802,-1567,74248723500,8519930,1
29,2010-01-15,502,0.176,2309,0.185,511265,0.233,0.272,1427920500,281029500,139134,26332,75676644000,8659064,1
30,2010-01-16,531,0.176,2510,0.189,550683,0.238,0.55,2843015000,1415094500,302779,163645,78519659000,8961843,1
31,2010-01-17,526,0.176,2391,0.187,526388,0.236,0.539,2636508500,-206506500,283666,-19113,81156167500,9245509,1
32,2010-01-18,500,0.175,2238,0.19,495059,0.239,0.214,1082273500,-1554235000,105930,-177736,82238441000,9351439,1
33,2010-01-19,498,0.173,2200,0.191,481484,0.238,0.211,1032868000,-49405500,101446,-4484,83271309000,9452885,1
34,2010-01-20,503,0.162,2204,0.188,484433,0.235,0.202,1005338000,-27530000,98094,-3352,84276647000,9550979,1
35,2010-01-21,438,0.153,1949,0.164,415905,0.197,0.225,968609500,-36728500,93770,-4324,85245256500,9644749,1
36,2010-01-22,439,0.152,2051,0.167,436194,0.2,0.258,1187742500,219133000,112707,18937,86432999000,9757456,1
37,2010-01-23,479,0.156,2226,0.17,472567,0.206,0.55,2530268000,1342525500,259813,147106,88963267000,10017269,1
38,2010-01-24,484,0.158,2143,0.171,453830,0.205,0.595,2562885500,32617500,270039,10226,91526152500,10287308,1
39,2010-01-25,444,0.154,1964,0.171,419098,0.205,0.272,1186002500,-1376883000,114092,-155947,92712155000,10401400,1
40,2010-01-26,451,0.155,1983,0.173,420367,0.205,0.267,1159503000,-26499500,112330,-1762,93871658000,10513730,1
41,2010-01-27,454,0.156,1973,0.173,421316,0.208,0.25,1091670000,-67833000,105389,-6941,94963328000,10619119,1
42,2010-01-28,367,0.128,1564,0.128,319704,0.147,0.299,1010990500,-80679500,95446,-9943,95974318500,10714565,2
43,2010-01-29,365,0.128,1650,0.13,335221,0.149,0.343,1237931500,226941000,114873,19427,97212250000,10829438,1
44,2010-01-30,405,0.131,1818,0.136,365858,0.155,0.625,2310146500,1072215000,228575,113702,99522396500,11058013,1
45,2010-01-31,398,0.132,1728,0.135,348102,0.154,0.62,2149329000,-160817500,215946,-12629,101671725500,11273959,1
46,2010-02-01,368,0.131,1575,0.135,321952,0.154,0.25,876919000,-1272410000,80505,-135441,102548644500,11354464,2
47,2010-02-02,373,0.132,1564,0.136,317068,0.154,0.23,797040000,-79879000,72873,-7632,103345684500,11427337,2
48,2010-02-03,370,0.132,1574,0.137,319584,0.155,0.205,723655500,-73384500,65436,-7437,104069340000,11492773,2
49,2010-02-04,319,0.117,1429,0.124,283108,0.136,0.201,643647000,-80008500,56776,-8660,104712987000,11549549,3
50,2010-02-05,331,0.12,1529,0.127,299454,0.138,0.218,753283000,109636000,65228,8452,105466270000,11614777,3
51,2010-02-06,351,0.121,1665,0.129,323962,0.141,0.455,1620364000,867081000,147512,82284,107086634000,11762289,3
52,2010-02-07,350,0.121,1585,0.128,308611,0.139,0.495,1604466500,-15897500,152611,5099,108691100500,11914900,2
53,2010-02-08,331,0.125,1452,0.132,284448,0.142,0.151,497660000,-1106806500,43023,-109588,109188760500,11957923,3
54,2010-02-09,333,0.124,1423,0.128,282084,0.14,0.145,471157500,-26502500,40937,-2086,109659918000,11998860,3
55,2010-02-10,333,0.123,1428,0.127,282762,0.139,0.146,474932000,3774500,41312,375,110134850000,12040172,3
56,2010-02-11,272,0.103,984,0.079,191985,0.086,0.191,437426000,-37506000,36622,-4690,110572276000,12076794,4
57,2010-02-12,274,0.103,1059,0.08,205342,0.087,0.317,761362000,323936000,65154,28532,111333638000,12141948,4
58,2010-02-13,297,0.106,1159,0.085,223513,0.092,0.466,1183331500,421969500,104177,39023,112516969500,12246125,3
59,2010-02-14,298,0.107,1156,0.086,222830,0.092,0.528,1359724000,176392500,117721,13544,113876693500,12363846,4
60,2010-02-15,300,0.106,1132,0.084,217703,0.091,0.651,1551032000,191308000,141656,23935,115427725500,12505502,4
61,2010-02-16,290,0.108,1051,0.083,204116,0.09,0.369,842758000,-708274000,75350,-66306,116270483500,12580852,4
62,2010-02-17,287,0.108,1012,0.083,196400,0.089,0.189,432058000,-410700000,37154,-38196,116702541500,12618006,4
63,2010-02-18,220,0.078,803,0.066,165194,0.075,0.169,336936000,-95122000,27937,-9217,117039477500,12645943,5
64,2010-02-19,223,0.08,839,0.066,172164,0.075,0.198,413407000,76471000,34024,6087,117452884500,12679967,5
65,2010-02-20,227,0.078,913,0.068,183112,0.076,0.393,841605500,428198500,72015,37991,118294490000,12751982,5
66,2010-02-21,230,0.08,864,0.068,173866,0.076,0.389,768246500,-73359000,67569,-4446,119062736500,12819551,5
67,2010-02-22,217,0.078,777,0.065,158697,0.074,0.157,297263000,-470983500,24891,-42678,119359999500,12844442,5
68,2010-02-23,219,0.078,781,0.065,160210,0.075,0.154,293391500,-3871500,24618,-273,119653391000,12869060,5
69,2010-02-24,217,0.077,773,0.066,158436,0.075,0.136,258637000,-34754500,21523,-3095,119912028000,12890583,5
70,2010-02-25,190,0.071,650,0.053,135139,0.062,0.149,244914000,-13723000,20087,-1436,120156942000,12910670,5
71,2010-02-26,187,0.069,677,0.054,141679,0.063,0.152,264017500,19103500,21516,1429,120420959500,12932186,5
72,2010-02-27,197,0.07,743,0.055,151392,0.063,0.307,558876500,294859000,46543,25027,120979836000,12978729,5
73,2010-02-28,196,0.071,745,0.056,151725,0.064,0.404,730742000,171865500,61321,14778,121710578000,13040050,5
74,2010-03-01,193,0.07,690,0.054,138529,0.061,0.41,643660500,-87081500,56785,-4536,122354238500,13096835,5
75,2010-03-02,176,0.068,605,0.056,125473,0.064,0.084,129518500,-514142000,10503,-46282,122483757000,13107338,5
76,2010-03-03,178,0.068,598,0.056,123640,0.064,0.084,127984500,-1534000,10344,-159,122611741500,13117682,4
77,2010-03-04,76,0.029,192,0.017,34285,0.017,0.153,65424500,-62560000,5238,-5106,122677166000,13122920,7
78,2010-03-05,77,0.029,211,0.018,36824,0.017,0.187,86185500,20761000,6877,1639,122763351500,13129797,7
79,2010-03-06,82,0.029,235,0.018,40944,0.017,0.379,191121500,104936000,15528,8651,122954473000,13145325,8
80,2010-03-07,81,0.029,231,0.018,40076,0.018,0.414,197286000,6164500,16575,1047,123151759000,13161900,8
81,2010-03-08,74,0.029,193,0.018,35104,0.018,0.154,67129500,-130156500,5403,-11172,123218888500,13167303,6
82,2010-03-09,75,0.029,205,0.02,36333,0.019,0.155,69261500,2132000,5640,237,123288150000,13172943,6
83,2010-03-10,79,0.03,200,0.018,35451,0.018,0.157,67532500,-1729000,5583,-57,123355682500,13178526,7
84,2010-03-11,51,0.02,128,0.011,22166,0.011,0.161,43897500,-23635000,3562,-2021,123399580000,13182088,10
85,2010-03-12,50,0.019,129,0.011,22514,0.01,0.214,59516000,15618500,4809,1247,123459096000,13186897,10
86,2010-03-13,55,0.02,139,0.01,23436,0.01,0.467,131989500,72473500,10953,6144,123591085500,13197850,10
87,2010-03-14,54,0.02,132,0.01,22306,0.01,0.468,124571500,-7418000,10445,-508,123715657000,13208295,10
88,2010-03-15,51,0.02,125,0.011,21727,0.011,0.165,44153000,-80418500,3576,-6869,123759810000,13211871,10
89,2010-03-16,51,0.02,131,0.012,22934,0.011,0.16,45272000,1119000,3677,101,123805082000,13215548,7
90,2010-03-17,51,0.02,130,0.012,22590,0.011,0.15,41878500,-3393500,3396,-281,123846960500,13218944,8
91,2010-03-18,29,0.011,72,0.006,14132,0.007,0.151,26532000,-15346500,2134,-1262,123873492500,13221078,9
92,2010-03-19,30,0.011,79,0.007,15128,0.007,0.187,35420000,8888000,2823,689,123908912500,13223901,9
93,2010-03-20,31,0.011,87,0.007,16362,0.007,0.378,76571500,41151500,6185,3362,123985484000,13230086,9
94,2010-03-21,32,0.012,88,0.007,16687,0.007,0.394,79642000,3070500,6583,398,124065126000,13236669,9
95,2010-03-22,29,0.011,71,0.006,14371,0.007,0.144,25280000,-54362000,2074,-4509,124090406000,13238743,10
96,2010-03-23,29,0.011,72,0.007,14342,0.007,0.164,29034000,3754000,2357,283,124119440000,13241100,10
97,2010-03-24,29,0.011,72,0.007,14152,0.007,0.163,28781500,-252500,2310,-47,124148221500,13243410,9
