,날짜,스크린수,스크린점유율,상영횟수,상영점유율,좌석수,좌석점유율,좌석판매율,매출액,매출액증감(전일대비),관객수,관객수증감(전일대비),누적매출액,누적관객수,순위
0,2019-07-31,1323,0.202,6827,0.321,1187539,0.36,0.413,3172131090,3045291990,489996,472480,3474485190,529215,1
1,2019-08-01,1331,0.205,7129,0.332,1250424,0.376,0.313,3184867870,12736780,391904,-98092,6659353060,921119,1
2,2019-08-02,1466,0.219,7622,0.35,1342467,0.397,0.354,4202659000,1017791130,474777,82873,10862012060,1395896,1
3,2019-08-03,1585,0.233,8436,0.378,1510824,0.435,0.524,7014768985,2812109985,791266,316489,17876781045,2187162,1
4,2019-08-04,1660,0.242,8605,0.392,1539670,0.45,0.502,6839317120,-175451865,773015,-18251,24716098165,2960177,1
5,2019-08-05,1519,0.239,8425,0.4,1543184,0.468,0.27,3390090930,-3449226190,417327,-355688,28106189095,3377504,1
6,2019-08-06,1556,0.24,8491,0.405,1556601,0.475,0.237,2984648420,-405442510,369415,-47912,31090837515,3746919,1
7,2019-08-07,1315,0.193,6267,0.301,1056244,0.327,0.29,2470703740,-513944680,306144,-63271,33561541255,4053063,2
8,2019-08-08,1339,0.189,6439,0.309,1088041,0.337,0.255,2239913070,-230790670,277731,-28413,35801454325,4330794,1
9,2019-08-09,1367,0.19,6859,0.324,1165452,0.356,0.273,2811360574,571447504,318642,40911,38612814899,4649436,1
10,2019-08-10,1465,0.202,7541,0.351,1280954,0.385,0.466,5284685353,2473324779,596628,277986,43897500252,5246064,1
11,2019-08-11,1442,0.201,7423,0.352,1267088,0.388,0.42,4706292650,-578392703,532463,-64165,48603792902,5778527,2
12,2019-08-12,1336,0.199,7073,0.351,1217972,0.389,0.174,1718375900,-2987916750,211799,-320664,50322168802,5990326,2
13,2019-08-13,1365,0.197,7063,0.348,1209437,0.385,0.163,1578158420,-140217480,196572,-15227,51900327222,6186898,2
14,2019-08-14,1070,0.165,5071,0.25,778323,0.249,0.259,1623147660,44989240,201354,4782,53523474882,6388252,3
15,2019-08-15,1029,0.145,4772,0.227,746156,0.231,0.527,3401752680,1778605020,392871,191517,56925227562,6781123,3
16,2019-08-16,1010,0.148,4825,0.234,753363,0.238,0.265,1752178510,-1649574170,199787,-193084,58677406072,6980910,3
17,2019-08-17,1032,0.148,4899,0.233,755050,0.235,0.409,2715811280,963632770,308601,108814,61393217352,7289511,3
18,2019-08-18,1042,0.151,4788,0.234,742564,0.236,0.349,2277728650,-438082630,259257,-49344,63670946002,7548768,3
19,2019-08-19,987,0.157,4596,0.242,693352,0.237,0.144,805831910,-1471896740,99632,-159625,64476777912,7648400,2
20,2019-08-20,1017,0.159,4610,0.243,693174,0.238,0.137,765727160,-40104750,94910,-4722,65242505072,7743310,2
21,2019-08-21,782,0.136,3380,0.175,507015,0.17,0.162,659824370,-105902790,82331,-12579,65902329442,7825641,4
22,2019-08-22,739,0.122,3048,0.155,461771,0.153,0.155,574269200,-85555170,71503,-10828,66476598642,7897144,3
23,2019-08-23,761,0.125,3251,0.163,493248,0.161,0.177,763518300,189249100,87092,15589,67240116942,7984236,3
24,2019-08-24,846,0.126,3553,0.171,559309,0.175,0.341,1677425160,913906860,190750,103658,68917542102,8174986,3
25,2019-08-25,867,0.131,3537,0.173,558417,0.178,0.316,1542566980,-134858180,176426,-14324,70460109082,8351412,3
26,2019-08-26,805,0.14,3371,0.179,523666,0.18,0.113,474732780,-1067834200,59223,-117203,70934841862,8410635,2
27,2019-08-27,827,0.14,3374,0.178,520081,0.178,0.114,468018940,-6713840,59214,-9,71402860802,8469849,2
28,2019-08-28,708,0.103,2224,0.114,330370,0.109,0.287,568452370,100433430,94751,35537,71971313172,8564600,3
29,2019-08-29,671,0.104,2217,0.115,320490,0.107,0.14,355431170,-213021200,44855,-49896,72326744342,8609455,3
30,2019-08-30,737,0.11,2473,0.125,357609,0.117,0.166,506685790,151254620,59268,14413,72833430132,8668723,3
31,2019-08-31,781,0.109,2808,0.136,421356,0.132,0.314,1135683170,628997380,132506,73238,73969113302,8801229,3
32,2019-09-01,800,0.11,2784,0.138,420525,0.135,0.252,905597200,-230085970,105783,-26723,74874710502,8907012,3
33,2019-09-02,726,0.115,2632,0.143,388369,0.136,0.081,251092880,-654504320,31594,-74189,75125803382,8938606,3
34,2019-09-03,726,0.112,2614,0.142,385240,0.135,0.075,227989380,-23103500,28775,-2819,75353792762,8967381,3
35,2019-09-04,659,0.097,2336,0.13,347079,0.126,0.086,235936300,7946920,29908,1133,75589729062,8997289,4
36,2019-09-05,665,0.096,2283,0.128,337673,0.123,0.077,207033960,-28902340,26040,-3868,75796763022,9023329,3
37,2019-09-06,690,0.099,2409,0.132,363221,0.129,0.096,299437800,92403840,34975,8935,76096200822,9058304,3
38,2019-09-07,718,0.098,2580,0.13,402128,0.132,0.195,684713730,385275930,78325,43350,76780914552,9136629,4
39,2019-09-08,732,0.099,2544,0.13,397244,0.132,0.198,674981330,-9732400,78687,362,77455895882,9215316,4
40,2019-09-09,680,0.103,2371,0.14,353440,0.134,0.058,163611990,-511369340,20625,-58062,77619507872,9235941,3
41,2019-09-10,678,0.102,2331,0.139,349061,0.134,0.057,157195160,-6416830,19886,-739,77776703032,9255827,3
42,2019-09-11,317,0.051,565,0.029,68011,0.022,0.14,75604450,-81590710,9494,-10392,77852307482,9265321,6
43,2019-09-12,350,0.053,584,0.028,70481,0.022,0.367,231234290,155629840,25837,16343,78083541772,9291158,5
44,2019-09-13,374,0.057,635,0.03,78871,0.025,0.48,342937680,111703390,37835,11998,78426479452,9328993,4
45,2019-09-14,404,0.059,703,0.033,86919,0.026,0.431,332283050,-10654630,37419,-416,78758762502,9366412,5
46,2019-09-15,388,0.059,675,0.033,83800,0.026,0.247,181028060,-151254990,20668,-16751,78939790562,9387080,5
47,2019-09-16,352,0.061,622,0.034,75759,0.027,0.066,39600010,-141428050,4977,-15691,78979390572,9392057,6
48,2019-09-17,333,0.058,560,0.032,69878,0.025,0.046,25063090,-14536920,3188,-1789,79004453662,9395245,8
49,2019-09-18,222,0.044,383,0.021,46339,0.016,0.046,16817410,-8245680,2136,-1052,79021271072,9397381,10
50,2019-09-19,132,0.023,185,0.01,23281,0.008,0.06,10708530,-6108880,1396,-740,79031979602,9398777,13
51,2019-09-20,139,0.025,197,0.011,23493,0.008,0.067,12836720,2128190,1564,168,79044816322,9400341,11
52,2019-09-21,152,0.025,204,0.01,25306,0.008,0.161,33873200,21036480,4078,2514,79078689522,9404419,9
53,2019-09-22,140,0.023,184,0.01,22676,0.008,0.151,28623880,-5249320,3421,-657,79107313402,9407840,9
54,2019-09-23,139,0.027,190,0.011,23475,0.009,0.043,7695960,-20927920,1008,-2413,79115009362,9408848,11
55,2019-09-24,135,0.024,184,0.011,24128,0.009,0.082,15345940,7649980,1969,961,79130355302,9410817,12
