,날짜,스크린수,스크린점유율,상영횟수,상영점유율,좌석수,좌석점유율,좌석판매율,매출액,매출액증감(전일대비),관객수,관객수증감(전일대비),누적매출액,누적관객수,순위
0,2012-09-13,688,0.201,3362,0.268,733974,0.333,0.231,1172310500,1151373000,169516,166818,1247030000,180410,1
1,2012-09-14,713,0.202,3556,0.273,772510,0.337,0.309,1753364500,581054000,238750,69234,3000394500,419160,1
2,2012-09-15,810,0.211,4032,0.29,862570,0.356,0.514,3356051500,1602687000,443243,204493,6356446000,862403,1
3,2012-09-16,804,0.215,3901,0.293,836506,0.361,0.498,3147397500,-208654000,416964,-26279,9503843500,1279367,1
4,2012-09-17,712,0.214,3509,0.29,764730,0.357,0.247,1322999000,-1824398500,189055,-227909,10826842500,1468422,1
5,2012-09-18,739,0.217,3552,0.291,768537,0.357,0.255,1344095500,21096500,195703,6648,12170938000,1664125,1
6,2012-09-19,749,0.22,3577,0.296,772637,0.363,0.247,1309648000,-34447500,190569,-5134,13480586000,1854694,1
7,2012-09-20,763,0.229,3604,0.301,756660,0.358,0.239,1240616500,-69031500,180540,-10029,14721202500,2035234,1
8,2012-09-21,792,0.231,3818,0.303,800655,0.361,0.32,1867274119,626657619,256160,75620,16588476619,2291394,1
9,2012-09-22,907,0.24,4379,0.322,910606,0.384,0.539,3701157650,1833883531,490571,234411,20289634269,2781965,1
10,2012-09-23,921,0.244,4262,0.326,887330,0.388,0.503,3341104500,-360053150,445902,-44669,23630738769,3227867,1
11,2012-09-24,784,0.237,3800,0.323,803977,0.387,0.193,1068452000,-2272652500,154896,-291006,24699190769,3382763,1
12,2012-09-25,798,0.239,3807,0.323,801605,0.386,0.198,1085031000,16579000,158897,4001,25784221769,3541660,1
13,2012-09-26,815,0.244,3850,0.326,811120,0.389,0.195,1083793500,-1237500,158128,-769,26868015269,3699788,1
14,2012-09-27,800,0.25,3896,0.309,838232,0.378,0.185,1068115500,-15678000,155251,-2877,27936130769,3855039,2
15,2012-09-28,819,0.248,4153,0.305,886941,0.373,0.333,2153095500,1084980000,295749,140498,30089226269,4150788,1
16,2012-09-29,922,0.248,4681,0.322,977916,0.387,0.472,3473624500,1320529000,461613,165864,33562850769,4612401,1
17,2012-09-30,935,0.251,4733,0.328,987456,0.394,0.63,4778600500,1304976000,621914,160301,38341451269,5234315,1
18,2012-10-01,1001,0.261,4894,0.337,1011923,0.401,0.736,5592106500,813506000,744274,122360,43933557769,5978589,1
19,2012-10-02,991,0.261,4915,0.339,1017366,0.405,0.661,4711760000,-880346500,672469,-71805,48645317769,6651058,1
20,2012-10-03,914,0.263,4476,0.322,938245,0.388,0.607,4184027500,-527732500,569106,-103363,52829345269,7220164,1
21,2012-10-04,765,0.247,3708,0.292,801121,0.36,0.188,1025340500,-3158687000,150275,-418831,53854685769,7370439,1
22,2012-10-05,780,0.249,3850,0.297,824365,0.365,0.226,1334092000,308751500,186637,36362,55188777769,7557076,1
23,2012-10-06,867,0.256,4394,0.318,932865,0.391,0.378,2639944000,1305852000,352464,165827,57828721769,7909540,1
24,2012-10-07,849,0.254,4206,0.316,895450,0.39,0.347,2305099500,-334844500,310898,-41566,60133821269,8220438,1
25,2012-10-08,765,0.249,3652,0.305,786930,0.375,0.14,751826000,-1553273500,110045,-200853,60885647269,8330483,1
26,2012-10-09,758,0.249,3646,0.308,785981,0.379,0.139,737192500,-14633500,109479,-566,61622839769,8439962,1
27,2012-10-10,768,0.25,3658,0.306,788996,0.377,0.148,794429000,57236500,116588,7109,62417268769,8556550,1
28,2012-10-11,575,0.184,2623,0.209,546341,0.248,0.191,699442000,-94987000,104229,-12359,63116710769,8660779,2
29,2012-10-12,604,0.187,2776,0.211,578875,0.251,0.26,1046777000,347335000,150698,46469,64163487769,8811477,1
30,2012-10-13,675,0.189,3245,0.228,676610,0.272,0.413,2063217000,1016440000,279545,128847,66226704769,9091022,1
31,2012-10-14,667,0.192,3130,0.229,655304,0.275,0.387,1847762500,-215454500,253600,-25945,68074467269,9344622,1
32,2012-10-15,611,0.197,2824,0.226,600648,0.273,0.162,655811000,-1191951500,97372,-156228,68730278269,9441994,1
33,2012-10-16,639,0.202,2863,0.23,606389,0.276,0.162,650054500,-5756500,98311,939,69380332769,9540305,1
34,2012-10-17,644,0.201,2891,0.231,613305,0.278,0.147,606791500,-43263000,89957,-8354,69987124269,9630262,1
35,2012-10-18,570,0.177,2472,0.199,544347,0.249,0.146,537853500,-68938000,79493,-10464,70524977769,9709755,2
36,2012-10-19,594,0.177,2610,0.202,572600,0.252,0.193,771446500,233593000,110537,31044,71296424269,9820292,2
37,2012-10-20,618,0.171,2925,0.211,638493,0.265,0.346,1636101500,864655000,221211,110674,72932525769,10041503,1
38,2012-10-21,619,0.173,2840,0.214,616780,0.266,0.348,1564690500,-71411000,214925,-6286,74497216269,10256428,1
39,2012-10-22,575,0.179,2530,0.21,552446,0.26,0.141,530067000,-1034623500,77732,-137193,75027283269,10334160,1
40,2012-10-23,575,0.178,2523,0.211,555179,0.262,0.124,463724000,-66343000,68809,-8923,75491007269,10402969,1
41,2012-10-24,588,0.18,2538,0.212,551187,0.261,0.119,443069500,-20654500,65507,-3302,75934076769,10468476,2
42,2012-10-25,565,0.191,2694,0.219,574337,0.267,0.111,430725500,-12344000,63497,-2010,76364802269,10531973,2
43,2012-10-26,450,0.139,2125,0.172,367643,0.171,0.212,554955500,124230000,77853,14356,76919757769,10609826,2
44,2012-10-27,493,0.141,2302,0.174,396225,0.174,0.47,1376572500,821617000,186241,108388,78296330269,10796067,2
45,2012-10-28,500,0.147,2245,0.177,384445,0.176,0.387,1083326500,-293246000,148644,-37597,79379656769,10944711,2
46,2012-10-29,453,0.147,2058,0.18,356192,0.179,0.135,326219000,-757107500,48016,-100628,79705875769,10992727,2
47,2012-10-30,463,0.147,2074,0.182,359110,0.18,0.137,329903500,3684500,49291,1275,80035779269,11042018,2
48,2012-10-31,379,0.125,1635,0.141,259748,0.127,0.219,385844500,55941000,56919,7628,80421623769,11098937,3
49,2012-11-01,380,0.125,1623,0.141,256800,0.127,0.184,320633000,-65211500,47144,-9775,80742256769,11146081,3
50,2012-11-02,393,0.126,1721,0.143,270907,0.128,0.204,403252500,82619500,55333,8189,81145509269,11201414,3
51,2012-11-03,400,0.114,1820,0.142,288898,0.129,0.385,825537500,422285000,111091,55758,81971046769,11312505,3
52,2012-11-04,404,0.116,1742,0.142,275821,0.128,0.385,780848000,-44689500,106285,-4806,82751894769,11418790,3
53,2012-11-05,398,0.13,1665,0.148,264730,0.133,0.135,240889000,-539959000,35615,-70670,82992783769,11454405,3
54,2012-11-06,408,0.133,1648,0.148,261806,0.132,0.13,226669500,-14219500,34056,-1559,83219453269,11488461,3
55,2012-11-07,388,0.125,1630,0.143,257242,0.128,0.138,239257500,12588000,35393,1337,83458710769,11523854,3
56,2012-11-08,324,0.102,1270,0.105,177241,0.083,0.205,238592500,-665000,36287,894,83697303269,11560141,4
57,2012-11-09,317,0.1,1319,0.107,183407,0.084,0.202,262466000,23873500,37026,739,83959769269,11597167,4
58,2012-11-10,311,0.091,1304,0.099,180641,0.079,0.369,489722500,227256500,66599,29573,84449491769,11663766,4
59,2012-11-11,316,0.094,1251,0.099,174039,0.078,0.408,517915000,28192500,71073,4474,84967406769,11734839,4
60,2012-11-12,316,0.102,1247,0.107,173583,0.084,0.148,172980500,-344934500,25669,-45404,85140387269,11760508,4
61,2012-11-13,326,0.104,1233,0.107,171688,0.084,0.147,165376000,-7604500,25194,-475,85305763269,11785702,4
62,2012-11-14,324,0.1,1236,0.106,174966,0.085,0.153,175957000,10581000,26839,1645,85481720269,11812541,4
63,2012-11-15,282,0.092,877,0.072,116916,0.054,0.194,136759000,-39198000,22739,-4100,85618479269,11835280,4
64,2012-11-16,283,0.09,910,0.071,119232,0.053,0.203,161120500,24361500,24163,1424,85779599769,11859443,5
65,2012-11-17,276,0.087,880,0.065,113420,0.048,0.336,283649500,122529000,38126,13963,86063249269,11897569,5
66,2012-11-18,281,0.089,857,0.066,110867,0.049,0.326,264790500,-18859000,36092,-2034,86328039769,11933661,5
67,2012-11-19,280,0.092,880,0.073,115615,0.054,0.155,116315000,-148475500,17889,-18203,86444354769,11951550,4
68,2012-11-20,291,0.094,861,0.072,112427,0.053,0.157,111922500,-4392500,17681,-208,86556277269,11969231,4
69,2012-11-21,281,0.091,860,0.072,113891,0.054,0.181,128026000,16103500,20592,2911,86684303269,11989823,4
70,2012-11-22,159,0.052,484,0.038,62899,0.028,0.191,77918500,-50107500,12033,-8559,86762221769,12001856,6
71,2012-11-23,166,0.052,508,0.038,66479,0.029,0.257,112613500,34695000,17076,5043,86874835269,12018932,6
72,2012-11-24,151,0.043,474,0.034,62307,0.025,0.378,175614500,63001000,23539,6463,87050449769,12042471,6
73,2012-11-25,156,0.044,464,0.034,60872,0.026,0.362,162968500,-12646000,22014,-1525,87213418269,12064485,7
74,2012-11-26,162,0.053,499,0.04,67015,0.03,0.194,82589500,-80379000,13031,-8983,87296007769,12077516,6
75,2012-11-27,160,0.052,496,0.04,68499,0.031,0.191,81183000,-1406500,13064,33,87377190769,12090580,6
76,2012-11-28,163,0.053,518,0.041,70805,0.032,0.173,80469500,-713500,12243,-821,87457660269,12102823,6
77,2012-11-29,115,0.034,391,0.031,52952,0.024,0.194,66026000,-14443500,10296,-1947,87523686269,12113119,8
78,2012-11-30,128,0.037,416,0.032,53535,0.023,0.285,101326500,35300500,15235,4939,87625012769,12128354,8
79,2012-12-01,122,0.033,421,0.031,55705,0.023,0.375,147001500,45675000,20880,5645,87772014269,12149234,8
80,2012-12-02,117,0.032,411,0.031,51194,0.022,0.353,127358500,-19643000,18058,-2822,87899372769,12167292,8
81,2012-12-03,108,0.032,374,0.031,47400,0.023,0.161,47113000,-80245500,7618,-10440,87946485769,12174910,9
82,2012-12-04,108,0.032,378,0.032,48524,0.023,0.152,46172000,-941000,7395,-223,87992657769,12182305,8
83,2012-12-05,113,0.033,378,0.032,47720,0.023,0.155,44451500,-1720500,7389,-6,88037109269,12189694,8
84,2012-12-06,91,0.026,333,0.028,44969,0.021,0.116,34251000,-10200500,5236,-2153,88071360269,12194930,11
85,2012-12-07,97,0.027,366,0.029,48075,0.022,0.149,49239000,14988000,7173,1937,88120599269,12202103,9
86,2012-12-08,89,0.023,368,0.027,47248,0.02,0.279,99016500,49777500,13163,5990,88219615769,12215266,8
87,2012-12-09,88,0.023,350,0.027,44889,0.02,0.267,90126000,-8890500,11998,-1165,88309741769,12227264,8
88,2012-12-10,97,0.028,336,0.028,44470,0.021,0.125,35408500,-54717500,5555,-6443,88345150269,12232819,7
89,2012-12-11,100,0.028,358,0.03,50111,0.024,0.174,49347500,13939000,8731,3176,88394497769,12241550,7
90,2012-12-12,104,0.029,351,0.029,48020,0.023,0.157,46216000,-3131500,7519,-1212,88440713769,12249069,8
91,2012-12-13,92,0.027,204,0.018,25534,0.013,0.169,26476000,-19740000,4313,-3206,88467189769,12253382,8
92,2012-12-14,88,0.025,211,0.018,25713,0.013,0.209,38280500,11804500,5364,1051,88505470269,12258746,8
93,2012-12-15,79,0.021,183,0.015,21555,0.01,0.376,60726500,22446000,8099,2735,88566196769,12266845,10
94,2012-12-16,77,0.021,178,0.015,21005,0.01,0.348,54619500,-6107000,7309,-790,88620816269,12274154,9
95,2012-12-17,86,0.026,207,0.019,25776,0.014,0.156,25401000,-29218500,4031,-3278,88646217269,12278185,9
96,2012-12-18,85,0.021,181,0.016,22863,0.012,0.18,25432000,31000,4112,81,88671649269,12282297,10
97,2012-12-19,40,0.01,82,0.006,10528,0.005,0.266,20579000,-4853000,2803,-1309,88692228269,12285100,13
98,2012-12-20,53,0.015,109,0.009,14112,0.007,0.178,14968000,-5611000,2513,-290,88707196269,12287613,12
99,2012-12-21,52,0.014,120,0.01,15372,0.007,0.239,21065500,6097500,3680,1167,88728261769,12291293,10
100,2012-12-22,43,0.011,81,0.006,10338,0.004,0.308,24372500,3307000,3185,-495,88752634269,12294478,14
101,2012-12-23,45,0.011,77,0.006,10147,0.004,0.246,18829000,-5543500,2495,-690,88771463269,12296973,15
102,2012-12-24,45,0.011,82,0.006,9915,0.004,0.282,20452000,1623000,2799,304,88791915269,12299772,13
