,날짜,스크린수,스크린점유율,상영횟수,상영점유율,좌석수,좌석점유율,좌석판매율,매출액,매출액증감(전일대비),관객수,관객수증감(전일대비),누적매출액,누적관객수,순위
0,2014-08-06,786,0.199,3970,0.264,631729,0.257,0.433,2021392600,2020380600,273445,273192,2246871100,308780,2
1,2014-08-07,795,0.19,3932,0.26,624911,0.253,0.408,1890503200,-130889400,254862,-18583,4137374300,563642,2
2,2014-08-08,789,0.19,3947,0.258,621277,0.25,0.479,2325093108,434589908,297432,42570,6462467408,861074,2
3,2014-08-09,826,0.195,4028,0.257,629613,0.246,0.761,3769567017,1444473909,479385,181953,10232034425,1340459,2
4,2014-08-10,838,0.201,4027,0.262,625487,0.249,0.754,3704976600,-64590417,471916,-7469,13937011025,1812375,2
5,2014-08-11,792,0.199,3993,0.27,619440,0.257,0.419,1920733800,-1784242800,259470,-212446,15857744825,2071845,2
6,2014-08-12,827,0.201,4034,0.272,625931,0.259,0.412,1900986100,-19747700,258062,-1408,17758730925,2329907,2
7,2014-08-13,744,0.187,3630,0.238,593965,0.239,0.382,1674554300,-226431800,227125,-30937,19433285225,2557032,2
8,2014-08-14,790,0.191,3796,0.244,617041,0.243,0.456,2077121600,402567300,281635,54510,21510406825,2838667,2
9,2014-08-15,868,0.203,4257,0.263,706625,0.269,0.73,4034789493,1957667893,515794,234159,25545196318,3354461,2
10,2014-08-16,910,0.209,4395,0.272,736952,0.281,0.669,3894189488,-140600005,493044,-22750,29439385806,3847505,2
11,2014-08-17,898,0.208,4248,0.271,718577,0.282,0.623,3529044500,-365144988,447676,-45368,32968430306,4295181,2
12,2014-08-18,781,0.201,3884,0.264,667948,0.279,0.294,1461778100,-2067266400,196322,-251354,34430208406,4491503,2
13,2014-08-19,794,0.197,3873,0.263,664772,0.278,0.274,1346813500,-114964600,182412,-13910,35777021906,4673915,2
14,2014-08-20,667,0.157,3197,0.214,591977,0.244,0.256,1127789700,-219023800,151696,-30716,36904811606,4825611,2
15,2014-08-21,653,0.142,3137,0.211,588160,0.243,0.262,1143887400,16097700,153979,2283,38048699006,4979590,2
16,2014-08-22,703,0.149,3297,0.217,613934,0.249,0.298,1434204600,290317200,182668,28689,39482903606,5162258,1
17,2014-08-23,814,0.16,3740,0.238,693947,0.273,0.566,3111247700,1677043100,392908,210240,42594151306,5555166,1
18,2014-08-24,818,0.162,3667,0.239,685036,0.276,0.551,2975394900,-135852800,377150,-15758,45569546206,5932316,1
19,2014-08-25,701,0.158,3239,0.229,607736,0.263,0.21,953480600,-2021914300,127926,-249224,46523026806,6060242,1
20,2014-08-26,724,0.157,3277,0.23,613426,0.264,0.203,912103900,-41376700,124320,-3606,47435130706,6184562,1
21,2014-08-27,731,0.164,3355,0.234,649214,0.277,0.217,913114700,1010800,140925,16605,48348245406,6325487,1
22,2014-08-28,614,0.143,2744,0.181,526916,0.211,0.18,693285600,-219829100,94748,-46177,49041531006,6420235,2
23,2014-08-29,647,0.146,2874,0.185,552925,0.216,0.213,910134500,216848900,117507,22759,49951665506,6537742,2
24,2014-08-30,683,0.143,3135,0.191,617311,0.229,0.431,2102821700,1192687200,266302,148795,52054487206,6804044,1
25,2014-08-31,681,0.146,3067,0.192,602356,0.23,0.395,1859677700,-243144000,237986,-28316,53914164906,7042030,1
26,2014-09-01,615,0.15,2785,0.191,537987,0.221,0.112,445818500,-1413859200,60273,-177713,54359983406,7102303,2
27,2014-09-02,620,0.152,2758,0.191,535221,0.222,0.103,405646100,-40172400,54973,-5300,54765629506,7157276,2
28,2014-09-03,381,0.093,1382,0.093,195716,0.081,0.179,256415400,-149230700,34998,-19975,55022044906,7192274,5
29,2014-09-04,365,0.082,1241,0.083,175235,0.072,0.155,199344700,-57070700,27212,-7786,55221389606,7219486,6
30,2014-09-05,372,0.082,1241,0.081,173993,0.069,0.262,359497100,160152400,45607,18395,55580886706,7265093,6
31,2014-09-06,378,0.075,1233,0.074,171834,0.063,0.629,842189500,482692400,108040,62433,56423076206,7373133,4
32,2014-09-07,437,0.085,1320,0.08,185918,0.069,0.658,974428900,132239400,122395,14355,57397505106,7495528,4
33,2014-09-08,577,0.11,1644,0.1,257780,0.096,0.752,1563125600,588696700,193961,71566,58960630706,7689489,4
34,2014-09-09,678,0.123,1903,0.114,313047,0.115,0.781,1921421300,358295700,244637,50676,60882052006,7934126,3
35,2014-09-10,627,0.117,1850,0.116,314547,0.122,0.604,1463374700,-458046600,189851,-54786,62345426706,8123977,3
36,2014-09-11,390,0.095,1197,0.081,176510,0.073,0.188,241920700,-1221454000,33154,-156697,62587347406,8157131,4
37,2014-09-12,407,0.094,1253,0.083,183498,0.074,0.185,264423500,22502800,33920,766,62851770906,8191051,6
38,2014-09-13,464,0.095,1483,0.094,241642,0.094,0.369,705652200,441228700,89229,55309,63557423106,8280280,5
39,2014-09-14,451,0.093,1428,0.093,232192,0.093,0.355,643178400,-62473800,82392,-6837,64200601506,8362672,4
40,2014-09-15,399,0.099,1257,0.089,184432,0.08,0.09,122523300,-520655100,16672,-65720,64323124806,8379344,6
41,2014-09-16,399,0.095,1233,0.088,182721,0.079,0.091,122048200,-475100,16664,-8,64445173006,8396008,6
42,2014-09-17,387,0.093,1217,0.087,177016,0.077,0.09,115889400,-6158800,15998,-666,64561062406,8412006,6
43,2014-09-18,317,0.074,852,0.06,111526,0.047,0.105,84342300,-31547100,11752,-4246,64645404706,8423758,5
44,2014-09-19,326,0.073,885,0.06,116260,0.048,0.124,110583400,26241100,14390,2638,64755988106,8438148,5
45,2014-09-20,354,0.073,934,0.06,123860,0.049,0.263,258757100,148173700,32561,18171,65014745206,8470709,5
46,2014-09-21,348,0.073,907,0.06,120471,0.049,0.259,247285000,-11472100,31148,-1413,65262030206,8501857,5
47,2014-09-22,308,0.074,834,0.061,108214,0.047,0.078,61729800,-185555200,8444,-22704,65323760006,8510301,5
48,2014-09-23,309,0.072,823,0.06,107211,0.047,0.082,63703400,1973600,8770,326,65387463406,8519071,5
49,2014-09-24,312,0.07,836,0.06,109326,0.047,0.111,81460600,17757200,12157,3387,65468924006,8531228,5
50,2014-09-25,256,0.058,636,0.045,79921,0.034,0.093,52541100,-28919500,7433,-4724,65521465106,8538661,5
51,2014-09-26,266,0.06,670,0.046,84158,0.035,0.115,73087400,20546300,9681,2248,65594552506,8548342,5
52,2014-09-27,295,0.061,723,0.046,92835,0.036,0.233,171795300,98707900,21639,11958,65766347806,8569981,5
53,2014-09-28,292,0.062,712,0.048,91737,0.037,0.245,176959300,5164000,22480,841,65943307106,8592461,4
54,2014-09-29,271,0.063,669,0.049,84034,0.037,0.088,53985400,-122973900,7413,-15067,65997292506,8599874,5
55,2014-09-30,266,0.061,667,0.049,83172,0.037,0.089,52947100,-1038300,7429,16,66050239606,8607303,5
56,2014-10-01,279,0.062,690,0.05,88100,0.038,0.083,52129400,-817700,7310,-119,66102369006,8614613,5
57,2014-10-02,92,0.023,129,0.008,16013,0.006,0.1,11368000,-40761400,1596,-5714,66113737006,8616209,11
58,2014-10-03,93,0.021,123,0.007,15279,0.006,0.262,32020300,20652300,4002,2406,66145757306,8620211,11
59,2014-10-04,91,0.02,125,0.008,15968,0.006,0.178,23565600,-8454700,2840,-1162,66169322906,8623051,12
60,2014-10-05,87,0.02,115,0.007,14535,0.006,0.174,20645900,-2919700,2523,-317,66189968806,8625574,12
61,2014-10-06,89,0.024,123,0.009,15386,0.007,0.048,5572000,-15073900,743,-1780,66195540806,8626317,12
62,2014-10-07,84,0.022,111,0.008,13830,0.006,0.051,5083400,-488600,702,-41,66200624206,8627019,15
